Prevotella	Peptoniphilus	Anaerococcus	Porphyromonas	Bacteroides	Finegoldia	Lactobacillus	Dialister	Faecalibacterium	Streptococcus	Campylobacter	Sneathia	Gardnerella	Corynebacterium	Bifidobacterium	Coprococcus	Mobiluncus	Collinsella	Blautia	Clostridium	Ruminococcus	Atopobium	Roseburia	Lachnospira	Sutterella	Dorea	Peptostreptococcus	Phascolarctobacterium	Fusobacterium	Actinomyces	Oscillospira	Parabacteroides	Moryella	Gallicola	Megamonas	Delftia	Citrobacter	Pseudomonas	Bilophila	Parvimonas	Megasphaera	Paraprevotella	Desulfovibrio	Akkermansia	Peptococcus	Bulleidia	Odoribacter	Staphylococcus	Butyricimonas	Arcanobacterium	Haemophilus	Varibaculum	Granulicatella	Neisseria	Veillonella	Anaerostipes	Rothia	Shuttleworthia	Mogibacterium	Acidaminococcus	Aerococcus	Eggerthella	Slackia	Coprobacillus	Facklamia	Aggregatibacter	Alloscardovia	Lachnobacterium	Acinetobacter	Gemella	Capnocytophaga	Catenibacterium	Leptotrichia	Arthrobacter	Adlercreutzia	Aeromonas	Ureaplasma	Mitsuokella	Turicibacter	Lautropia	Lactococcus	Nitrospira	Vibrio	Escherichia	Bacillus	Anaerotruncus	Synechococcus	Streptomyces
Prevotella	1	-0.248510169151046	-0.412746738693348	-0.236738960011524	-0.0554703758651756	-0.452307639756015	-0.286025887254872	0.40955800771736	-0.180301025167459	0.261493429176189	0.163389141441581	0.192646843309497	0.215926786838462	-0.162440967910185	-0.198262901611509	-0.163379939257156	0.110063090138104	-0.122932790374929	-0.260970893499554	-0.183857340760417	-0.212909531797478	0.250666147156969	0.148125457176732	-0.114833340401583	-0.0824642551523646	0.10532121127327	0.177856954788497	-0.0346515560158181	0.174041050973701	0.289291511196141	-0.154546949258564	-0.108755079546902	0.189906969211641	-0.279990710709894	0.084312648099374	-0.496065688911662	-0.0534974238240716	-0.128461378370855	-0.0643829435214234	0.148004161754286	0.215734603578177	-0.0444672003804844	-0.194741024294286	-0.264705746362062	0.0515539882361719	0.154695196200579	-0.162723137135875	-0.338606035254222	-0.0553065262235582	-0.0895232802562784	-0.0786834719352756	-0.336101246350384	0.183726838737363	-0.116494245110287	-0.0252632032104396	-0.159952926594422	-0.222007539278449	-0.139689025698068	-0.317487951658335	0.168608087465035	0.0720485521727131	-0.0994615083725476	0.38777620627947	0.150020373049314	-0.0514263357322808	-0.0062815517831355	0.085051413850032	-0.172054692474875	-0.221107797341316	0.205014981131311	0.0100993757182549	0.388827095830401	-0.119661131296945	-0.161623771190374	-0.305292962987506	-0.17841696068883	-0.127951278346969	0.0405789678566677	-0.271844707495531	-0.176399926088748	-0.143973562687673	-0.196636647329139	-0.172566209588902	0.293278357008228	-0.229100369964732	-0.0342748316997679	-0.154834342727944	-0.0963385977399325
Peptoniphilus	-0.248510169151046	1	0.604575465245819	0.178472179465567	-0.499109134871282	0.573753184750821	-0.183683001615317	0.238018152423488	-0.44777798120286	-0.25311228019011	0.2141566737537	-0.22433829961943	-0.196641360434408	0.00668470110156106	-0.307502893729733	-0.396734298554025	-0.156578780430311	-0.312620094712672	-0.324200590200876	-0.000809773996837804	-0.412742706298383	-0.234067460410915	-0.412391780813462	-0.377980398203319	-0.364220077542757	-0.462611354226515	-0.247373547840675	-0.457279939040883	-0.162781558617589	-0.162414087971731	-0.488150791815183	-0.417088726369461	-0.0580454588048887	0.257728275961126	-0.0807787837294441	0.346859377434423	-0.14656076923693	-0.00461043983858174	-0.368489489904512	-0.20680286193885	-0.164552510037654	-0.0721061860055426	-0.25128871783654	-0.269562753594409	0.298533208570114	-0.0381934103271654	-0.43280457334445	0.102936969180163	-0.341152341150218	0.254556197195641	-0.14415210222989	0.491100673522115	-0.135975668969454	-0.161720181647785	0.0249717619186469	-0.23721462687683	-0.210385551666314	-0.147658147606934	0.361471903908421	-0.144251513718109	-0.194286455494144	-0.191228896706037	0.000430161054100978	-0.0284932484920659	0.0722752965545957	-0.0736892602870919	-0.0959637596980819	-0.210608344268783	-0.0245300303956269	-0.206326630295809	-0.114293295085004	-0.201813015343382	-0.154445183511911	-0.0016147237137596	-0.377672424966135	0.0414025141508353	-0.0908620393125349	-0.0542317589017243	-0.0818449971662594	-0.17260604587487	-0.108786296477634	0.0180211647540113	-0.0891817907465133	-0.236795830940323	0.00935355029846763	-0.20652622669028	-0.0121277442441971	-0.010002072346121
Anaerococcus	-0.412746738693348	0.604575465245819	1	0.0484966850718042	-0.475393897578092	0.7495367354146	-0.0840036759588753	-0.0239052544858823	-0.316536302669205	-0.189505779935026	-0.218223003773004	-0.127176932885201	-0.162416472367714	0.161244437976446	-0.2440493613239	-0.283496492043189	-0.224343085363101	-0.267388807073319	-0.207161440318994	-0.0695724593069027	-0.30072514325887	-0.173972367130452	-0.326408837736741	-0.292429481250393	-0.356436679936202	-0.438478960568124	-0.0980939344969991	-0.376925999768875	-0.15220685736193	0.0157561742659407	-0.455978791348399	-0.445046296506946	-0.092814107939293	0.388497420367797	-0.169338652289938	0.636468633494887	-0.0765030106313079	0.0633561099508273	-0.38320424909742	-0.141571272412705	-0.225588661732571	-0.233143260117596	-0.173021446007592	-0.205005835954954	0.0564890494652643	-0.152328792907454	-0.339970591922789	0.335490366815524	-0.335667515196147	0.0651304712194486	-0.123361225933246	0.468585573069548	0.144783944004868	-0.157663740478722	-0.00549645463109773	-0.231515065470668	-0.185186807152856	-0.16018658726702	0.238467941045482	-0.118537561938784	-0.106211809029694	-0.276440193900641	-0.102191889741318	-0.223120808070002	0.108495698499467	-0.0723378669143306	-0.0933833291590548	-0.111181256947781	0.0946870459164121	-0.111990614468582	-0.0782093133292911	-0.147009119909418	-0.166573794802031	0.0560560562703771	-0.247409057245981	0.172112741075447	0.0543319477996455	-0.059399607473518	0.074416166482592	-0.148562600291233	-0.0697568810536279	0.115366144310096	0.0356804277013608	-0.240720000933567	0.133886722642553	-0.167986807149804	0.0540148487027806	0.0227597851295606
Porphyromonas	-0.236738960011524	0.178472179465567	0.0484966850718042	1	-0.194769666116312	-0.110204772131898	-0.0893360691163027	0.0871830478154998	-0.190522230344464	-0.280856812557333	0.0987454657849985	-0.129733230123554	-0.171465724212273	0.341720773891997	-0.194136388406302	-0.213158853997479	0.0545879072708263	-0.0859805225879322	-0.218575017580744	0.650543460433962	-0.181202751829482	-0.217849858126796	-0.174089173021433	-0.171097677101357	-0.181903219062986	-0.241845366398501	-0.219333957963017	-0.225745729312702	-0.0648653895039915	-0.121617935365772	-0.1653109299579	-0.185823904448926	0.0208766229412708	0.234553534516445	-0.0511275957502165	-0.0500060579829249	-0.0445668122383109	-0.0146478430050041	-0.122070731791534	-0.079581809028812	-0.163905756364235	0.2045783247452	-0.106575113592012	-0.0954027135948937	0.0552087177884159	-0.0571498679679354	-0.172645574950657	-0.15098020515432	-0.0547504706466765	0.267046915258676	-0.137114691729085	0.285917158095631	-0.123510175647152	-0.0455375043098682	-0.0953255597276873	-0.12153892115729	-0.110915074063386	-0.0992865962672271	0.462356904637474	-0.0483485647125109	-0.105175034751075	-0.209522898309782	-0.231551453149777	-0.13372719351156	-0.097862774852144	-0.136191649101055	-0.0459535116435417	-0.0799903172048211	0.0290879844438918	-0.131739250227522	0.0221886394742706	-0.108534369417242	-0.0637286726378599	0.0665282115695936	-0.19936591410374	0.0634720927756131	0.0103720011034285	0.0463254714953021	-0.0526957223081497	-0.0599380400003458	-0.0715405199008028	0.155188464614101	0.0208420369466316	-0.221114523798156	0.100937187275979	-0.0687103431697153	0.0345823561483513	0.165050399783329
Bacteroides	-0.0554703758651756	-0.499109134871282	-0.475393897578092	-0.194769666116312	1	-0.317641950605411	-0.158782536027891	-0.304650497243898	0.448335279483459	0.0892869855599354	-0.0501651459797267	-0.122646337504754	-0.138799908051135	-0.211627100226762	0.356279346103242	0.662708154549991	0.243220624871437	0.376895979841875	0.401376656784279	0.0077046544062416	0.495492271476855	-0.105633110198428	0.451199109330193	0.694055856588227	0.666715134385558	0.590543022814803	0.0201629070401839	0.655250151733137	-0.0418874011848993	-0.184984652383185	0.782721885652082	0.813175337957906	-0.0178980456729314	-0.190226838570953	0.138952301744238	-0.213772402960934	0.213505152336892	-0.150301313957108	0.69847995369219	0.0810427838592958	0.271731666388485	0.0741908223394605	0.440160797182116	0.608946272224405	-0.185336578459754	0.0862747949974102	0.754854603832961	-0.156456435817417	0.710555694182299	-0.176082184893194	0.313291023935506	-0.27856700649748	0.0457708137191445	0.39479966052128	0.0772933702223122	0.273737822160554	0.603217191435665	0.509317763506694	-0.249146750016929	0.202570545932869	-0.000562209364753717	0.474664440392789	-0.0906135967459693	0.138986494376283	-0.116310694974634	0.10291228397472	0.00358236966375394	0.165356572038301	-0.107449839644074	-0.131063180944621	0.103975783310204	0.15616471935523	0.435247942386923	-0.122641407471166	0.496399392135972	-0.0809331987378747	-0.0750481533083784	0.108382108659034	0.0465816198261209	0.462922015656095	-0.0890453603707122	-0.11370980293725	-0.0598500014500355	0.0028244853530266	-0.110618118510323	0.296635518241097	-0.104373983369061	-0.135258142286489
Finegoldia	-0.452307639756015	0.573753184750821	0.7495367354146	-0.110204772131898	-0.317641950605411	1	-0.0789474189826369	-0.072139944024993	-0.256752281051691	-0.0840442464547396	-0.189930358386332	-0.150195545113408	-0.0201024464972283	0.04708581042455	-0.0833335094936403	-0.193652465352354	-0.180010397913635	-0.207943382718768	-0.0490287475532721	-0.21471222798705	-0.243743375571878	-0.131704134684052	-0.256167044055786	-0.228998921631901	-0.186695775200389	-0.286765365251897	-0.140879853175629	-0.305032219414461	-0.177894780548547	-0.201258310970552	-0.368103340703642	-0.289038832324793	-0.0883311801314744	0.184744275295476	-0.0897138868960313	0.803823473972398	-0.0791038270109785	0.0147534968644928	-0.272631171813575	-0.177775747696757	-0.120825698015604	-0.1810563805276	-0.13429738884682	-0.178949809459851	-0.0507608555781814	-0.131826623629779	-0.274675150575298	0.328192562314797	-0.301214861068551	0.134572988993031	-0.0692532700432184	0.232550109982924	-0.117964261015043	-0.109048127013353	-0.0318294740191785	-0.103659765273585	-0.132267057954458	-0.107319522279711	0.19148715690244	-0.0908925767602319	-0.129776796815308	-0.0363744221301648	-0.0639269597817982	-0.0329887401218018	0.087963115382994	-0.0518515402715295	-0.105407940801716	-0.150988484876989	0.0584951465509149	-0.148149913470022	-0.0690215444546608	-0.117215610752959	-0.103883246762631	0.0130866565760474	-0.158459534995468	0.0843504021539783	-0.01256512813695	-0.0512726075301358	0.0684126439506817	-0.113787166750047	-0.0895181370123651	0.0542425566254998	-0.0462330404603744	0.00143027049225002	0.0447573822325918	-0.171605270805818	0.00777476520227016	-0.0236395171109674
Lactobacillus	-0.286025887254872	-0.183683001615317	-0.0840036759588753	-0.0893360691163027	-0.158782536027891	-0.0789474189826369	1	-0.195028121938743	-0.120541445386122	-0.125471800309122	-0.10536109353235	-0.0773606664975375	-0.085855547682712	-0.0033791925036717	-0.114609891897916	-0.10862207542113	-0.0364900062482528	-0.128829634605079	-0.105253681624769	-0.0708954052835895	-0.0990175128505194	-0.0776047279127701	-0.118496675228271	-0.106834399898231	-0.147602795022929	-0.157201231425352	-0.075812037574534	-0.128343640725972	-0.07164570822015	-0.105072528310772	-0.133373931503287	-0.134180508960934	-0.0572081243012364	0.0542768273840951	-0.0448775667636693	0.0134054289500391	-0.0377734942041711	0.246399642777751	-0.139629686575695	-0.0673202724392384	-0.0536824273772084	-0.0791540144483304	-0.0615361346001476	-0.0510987732419295	-0.098801344482206	-0.0750813393784865	-0.0964027600682938	0.183085014433833	-0.122811536532493	-0.0984997745515724	0.051625103096654	-0.0568406694647383	-0.0585569991565585	0.0401815600009267	-0.0535092393781014	-0.0985295741147913	-0.0147707347567484	-0.0457466954920809	0.0517492711098834	-0.0344234931311856	-0.0292553358534521	-0.115850971208365	-0.118646637093357	-0.0626411471329126	-0.0335567294119692	0.0636350794902533	-0.0306953672208284	-0.0558201797842021	0.305913839783406	-0.057413312466692	0.06455069221193	-0.0399122891933918	0.0131241110546007	0.238372150988075	-0.105596129919493	0.168271066593697	0.138611025699924	-0.0387820195393181	0.0646982463947173	0.0446510039786568	0.210749952358127	0.238124429987665	0.209134707412633	-0.098453669990277	0.28253073317751	-0.0763610618456213	0.23689671246572	0.204177183359812
Dialister	0.40955800771736	0.238018152423488	-0.0239052544858823	0.0871830478154998	-0.304650497243898	-0.072139944024993	-0.195028121938743	1	-0.352126766389511	-0.021565059070063	0.315272733067327	-0.0712512686456187	0.0173420249003301	0.11268901368392	-0.356365656639439	-0.377672567319143	-0.0446273441537643	-0.271255764811581	-0.345087368186453	-0.11215046402961	-0.361236441270073	-0.00632843493306041	-0.334852804308125	-0.350192852469194	-0.118461328825523	-0.305026094449947	-0.071877433516571	-0.38408664115872	0.109092027563576	0.252981001818316	-0.412401491039173	-0.194382808304352	0.0687788015591311	-0.169888214717122	-0.0517287123104166	-0.270355464554884	-0.103219675034021	-0.0444941429920006	-0.18522718155989	-0.0742693293650999	-0.0412783425386006	-0.255455308714938	-0.137460475434979	-0.241270790273653	0.0802867950585291	0.140642280851406	-0.334958095297989	-0.00113590409153013	-0.343136038208083	0.340022393066783	-0.0699276898085468	-0.0339446741864413	0.100956792060232	-0.0652618667157422	0.27807327117417	-0.331304483010312	-0.18256729260775	-0.139176168980521	-0.113797257826998	-0.129571476379468	-0.109653732503863	0.0651850405556594	-9.07166579225789e-05	0.38035197727389	-0.0267267691231816	-0.0138089081332565	-0.0144424523584428	-0.176934755911428	-0.104863045727514	-0.115273926224269	0.0655011909857382	-0.060780701832821	-0.0762950438092616	-0.0252872326896078	-0.325660724514843	-0.123328555140935	-0.177729481244498	-0.0877593369833839	-0.149618292535361	-0.125245748652662	-0.102284463488492	-0.000560809362790538	-0.150679514288179	-0.0806481240462158	-0.106793856419551	-0.189083250810055	-0.0733828706965881	0.0971400789305053
Faecalibacterium	-0.180301025167459	-0.44777798120286	-0.316536302669205	-0.190522230344464	0.448335279483459	-0.256752281051691	-0.120541445386122	-0.352126766389511	1	-0.109609233895381	-0.182425622040864	-0.122459877950731	-0.0320134243471424	-0.173003366963669	0.862858045222994	0.639558351213129	-0.0708985994840719	0.660664495171895	0.834403899739513	-0.0209362493273698	0.778195677306781	-0.164869315056555	0.563013445956799	0.499088956661239	0.386871342739116	0.734742208069637	-0.163142515753976	0.569959443489644	-0.111062559560313	-0.196537730054682	0.683363514392068	0.456210562257522	-0.0506189663238887	-0.12555049495791	-0.00907854662142972	-0.0910006724793426	-0.0443726214109418	-0.109465064442878	0.286841908702987	-0.103520763063028	-0.0546933694759046	0.235862801280544	0.311024588451096	0.306411368469585	-0.215213547727754	-0.0896910650788164	0.3992631111064	0.0166694423909675	0.399621136162786	-0.155139998977369	0.0484102846198337	-0.276545489868519	-0.0549970498190122	0.057471597424027	0.00266509735698454	0.702626793491944	0.204600616429268	0.140431723534523	-0.114787782973599	0.00109198733059604	0.00613946134095234	0.224464033133858	-0.0787164044496501	-0.121921470544703	-0.0650906610642441	-0.0233201211489392	-0.0456203067664908	0.552900336459115	-0.101965666902182	-0.0906023281530791	-0.0264451207227332	0.0253907399080731	0.0798986360161172	-0.0963145906894813	0.817260520005685	-0.0739510954519299	-0.151660021316775	0.103808566217701	0.326997191479475	0.104055224727794	0.291149268539976	-0.136025174794361	0.0258250537931371	-0.0428378163060508	-0.119349055818056	0.0801779681116748	-0.0909867553520311	-0.0832226112301241
Streptococcus	0.261493429176189	-0.25311228019011	-0.189505779935026	-0.280856812557333	0.0892869855599354	-0.0840442464547396	-0.125471800309122	-0.021565059070063	-0.109609233895381	1	-0.103602664624613	0.0659916354614918	0.357051966521063	-0.0528477229598061	-0.0762910676423686	-0.112189266433539	-0.113611550767987	-0.177402668081281	-0.0903050650124026	-0.15257437243189	-0.109638072785708	0.306119280370352	-0.114458840165651	-0.136289709059675	0.0840438560856227	-0.0431294764303687	0.389070886631165	0.156233544201242	0.0246016178237179	0.0882192968083939	-0.0405814019287722	0.0895597679814466	0.0442285123933675	-0.19294854848853	-0.0675870430292248	-0.156643806185175	0.45014694139597	-0.0275672871120911	0.105462320644927	0.416445691537335	0.152983640560121	-0.122366486547545	-0.0628679410452598	-0.0819574609808574	-0.0935102645774008	0.253491639918518	0.117316168541732	-0.185966678533765	0.0514040117253373	-0.0402024651065455	-0.0204504296239109	-0.0737886092822834	0.0902373583301189	-0.0696622585857687	0.0124528005685887	-0.123528368592259	-0.0545555698003981	-0.0364290631694034	-0.290640502245942	0.266441015962931	0.0486761511193982	0.205707087277516	0.337984575435261	0.0807562716784196	0.168625254906105	0.0318360231029515	0.567050859321753	-0.09931738881859	-0.0652330399465544	0.0817738717059433	-0.050347026741083	-0.0237437186958528	-0.0708817340558456	-0.0628236833315221	-0.0369064456670546	-0.0864751203382616	0.047423642952351	-0.0840813252201793	-0.13461673189067	-0.0694481399821842	-0.0319760817275471	-0.133967633103356	-0.0900638944270235	0.340950072140489	-0.116914017848334	0.375080674622711	-0.0581390400041613	-0.126533026647102
Campylobacter	0.163389141441581	0.2141566737537	-0.218223003773004	0.0987454657849985	-0.0501651459797267	-0.189930358386332	-0.10536109353235	0.315272733067327	-0.182425622040864	-0.103602664624613	1	-0.102575780056122	0.00321199076191314	-0.071479519679671	-0.218265169500669	-0.149495628377104	0.0410981075356951	-0.181764082403566	-0.173145290394877	0.0897364140538557	-0.188066050170252	-0.105926211542451	-0.1430282675979	-0.129142752469844	-0.0645669320074367	-0.181196981726574	-0.0808653350649785	-0.166293388027706	0.0790428553542459	0.136600804127943	-0.118833378575763	0.0234743504439863	-0.0421855754178484	-0.0164699695648142	-0.000387848780389277	-0.144968759618835	-0.034404105233775	-0.0773525462905409	-0.0659938812980598	-0.106749582215762	-0.0520228878868094	-0.0479653524031713	-0.105726587973245	0.000562557855088403	0.0359247285812795	0.249235144014068	-0.126701954343778	-0.19104095543543	-0.046633511631465	0.143915142188994	-0.0107770050328722	0.0600347424819331	-0.103247184795307	0.0480725638800528	-0.00373161913450226	-0.140931034701769	-0.0180664406351348	0.00196857008488083	0.1225126156333	-0.0911419246268907	0.0807671309521087	0.123716345743605	-0.164572706023105	0.170351775709141	-0.0620961211200081	-0.022969274887145	0.00473425476644406	-0.0752510175330404	-0.0927024393284344	-0.117072249277335	0.09937652244852	-0.0711596605885111	0.0446012738417384	-0.0455030186719584	-0.187008907699137	-0.0782974838459802	-0.0994225463591768	-0.0737482485363818	-0.139158356133867	0.0221446605190005	-0.109026183815068	-0.0365177984414244	-0.0262460356247055	-0.117135858089171	-0.0976923999067038	-0.00859375512993041	-0.0822974739269064	0.00295761281953091
Sneathia	0.192646843309497	-0.22433829961943	-0.127176932885201	-0.129733230123554	-0.122646337504754	-0.150195545113408	-0.0773606664975375	-0.0712512686456187	-0.122459877950731	0.0659916354614918	-0.102575780056122	1	0.213570782861072	-0.0873579664081894	-0.133412515073668	-0.110854453394931	-0.0389440762523461	-0.117658285971942	-0.129594609840144	-0.11547425668139	-0.102134716632118	0.785809885924213	-0.155396565946743	-0.105431761914718	-0.123702759712037	-0.171282047774802	0.438526170018575	-0.0315131911188703	0.570216562527538	0.382963065444829	-0.11350480057143	-0.123091414632214	-0.0211200245951735	-0.108620432718596	-0.0401489338424701	-0.126938235694851	-0.0424780922556736	-0.0533809918928324	-0.0391268344037823	0.268285871237362	0.0588561237577746	-0.0669891605372669	-0.0453932730718946	-0.074572173784214	0.328596999179814	-0.0856613454833934	-0.0727339258250327	-0.0365307831329797	-0.0814314669623123	-0.102286630075483	-0.095571884469993	-0.181114284473715	0.0353377341248695	-0.0790883670748967	-0.0811812829666682	-0.117396020545492	-0.0835010897793044	-0.060084604974825	-0.144936160154427	-0.0466513543187062	0.32838400430505	-0.0340721187210638	0.118189712128781	0.159294467021132	-0.0600791224386914	-0.0680135413213257	-0.0561616341052195	-0.0592008146093951	-0.0558458150232313	0.772739267299556	-0.0517286718179781	-0.0402735454369113	-0.0830557157613637	-0.0382152299503464	-0.102131996673963	-0.0427208106304643	0.335600000617379	-0.0448499245469204	-0.0696275578731134	-0.0772473874831263	-0.0940450731382732	-0.034960323017375	-0.0263167082609592	0.354321303418522	-0.0628993121040374	0.150628484829077	-0.0446600618767625	-0.0734599945669981
Gardnerella	0.215926786838462	-0.196641360434408	-0.162416472367714	-0.171465724212273	-0.138799908051135	-0.0201024464972283	-0.085855547682712	0.0173420249003301	-0.0320134243471424	0.357051966521063	0.00321199076191314	0.213570782861072	1	-0.119024479551622	-0.0991179420394666	-0.111245417653458	0.0182750010797551	-0.114276824993034	-0.136073856708289	-0.217100714797543	-0.119125615382804	0.506980709569724	0.117244425718599	-0.117652110943115	0.0548576348245868	-0.12734561466982	0.160791990571779	-0.120006017335475	0.048615209815387	0.20194417930197	-0.0980813153536665	-0.121683974465553	-0.0715457106530578	-0.157529528661647	0.0151517238416664	-0.153481462384649	-0.0312394510308336	-0.0422598121452126	-0.0562380646258623	-0.0841986534130318	-0.0119101549603655	-0.109555903440222	-0.0383829284767846	0.0400356425791555	-0.0687372196417464	0.108128136915623	-0.0615437177132357	-0.0792106320678312	-0.143189090043558	0.0366254752563055	-0.0940331834673633	-0.0604339744669625	-0.0990405633456297	-0.0688185636962593	-0.0280448251846959	-0.143783279724252	-0.0757700417242271	-0.0511587553554181	-0.189173721467936	-0.0819020717209329	0.413326245270279	-0.188619583991706	0.1974195420754	-0.0884727206007834	0.413113934844067	-0.0920911026104203	-0.0378660104847563	0.0233056197748824	-0.00635928528336369	0.232562418969788	-0.0586671847767293	-0.0545109175048168	-0.0682319161125344	0.000446969330182797	-0.127558504123264	-0.0741994768019192	0.112327283830119	-0.0667137049986889	-0.0690734142447507	-0.0615522179489688	-0.103304800506051	-0.0798712348418193	0.168827962839894	0.608911675846259	-0.0550670621745151	-0.0884617225515014	-0.0181045619170819	-0.0499682858339632
Corynebacterium	-0.162440967910185	0.00668470110156106	0.161244437976446	0.341720773891997	-0.211627100226762	0.04708581042455	-0.0033791925036717	0.11268901368392	-0.173003366963669	-0.0528477229598061	-0.071479519679671	-0.0873579664081894	-0.119024479551622	1	-0.140592774880387	-0.169524083801822	0.0284562401360104	-0.135645852244187	-0.151688306875652	0.268845161702046	-0.135867986794259	-0.12692392293498	-0.158741456678549	-0.151051208094948	-0.124588033914497	-0.226111385623984	0.0853809810196882	-0.188432021868802	-0.0132658280453471	0.0968901634658178	-0.19675482358653	-0.200580788287267	-0.09719702159227	0.0393768539601299	-0.0392949710508441	0.079421300187703	-0.0580692854888906	0.337167248739556	-0.106429618907238	-0.106087616474012	-0.0960096034637948	-0.0938415103026471	-0.0615513893181111	-0.0875626223304047	-0.045195265533449	-0.106030534551155	-0.133974167206337	0.345182181967685	-0.137917311304348	0.206519371903014	0.30086363233154	0.324692866875026	-0.110925445775113	-0.066334426575146	0.221957017642452	-0.134073630390318	-0.0920978889749679	-0.076257639303735	-0.0206251815419352	-0.0028658803782566	-0.0882514638462815	-0.188574791106764	-0.168873446133626	-0.137541803864659	0.0556129354437817	0.457422298515098	0.0289364861643214	-0.0858390450814007	0.0851603398937267	-0.119342215575551	-0.0245524418910129	-0.0730694316823502	-0.0748504488629843	0.0524007516012487	-0.122114258752202	0.0346511103267786	-0.0554766924347528	-0.0401990566158208	-0.038242160548811	-0.0748247160052746	0.0754701255732403	-0.0026063786078316	-0.0374875759814616	-0.164168287012774	0.0430397074541502	-0.121455669062014	0.152978810056095	0.0280314562806281
Bifidobacterium	-0.198262901611509	-0.307502893729733	-0.2440493613239	-0.194136388406302	0.356279346103242	-0.0833335094936403	-0.114609891897916	-0.356365656639439	0.862858045222994	-0.0762910676423686	-0.218265169500669	-0.133412515073668	-0.0991179420394666	-0.140592774880387	1	0.466570481228279	0.0232493791682634	0.492546386223115	0.845701367565988	-0.0716083176627395	0.586560420709661	-0.157220860775328	0.483557790385988	0.277377419027816	0.262274891734735	0.727501688305354	-0.192635893787288	0.457880047697119	-0.122643380162616	-0.219395249903496	0.583756169710001	0.325676865757406	-0.0870151333538378	-0.0900353628009849	0.00697895028380992	0.00328600574719736	-0.0778408403640515	-0.115136029230016	0.228199135449212	-0.138629434373336	0.0372176801154971	0.135460472973213	0.14438093060608	0.140165570416254	-0.235695030093483	-0.105907621858929	0.265540826161549	0.0912684307296184	0.302410219441474	-0.1892852616349	0.0263861129994806	-0.247805719771329	-0.0824251931424397	0.0788799483155588	0.00974848379331639	0.705968756135556	0.145628652488682	0.116505105575686	-0.0851608151041037	0.0458760301546412	-0.0776139079698784	0.210057914198263	-0.0506745427758963	-0.0908724672557745	-0.0257440340758591	-0.0291073344576279	0.0135701782438618	0.399891686503256	-0.0997946193098048	-0.124124383560453	0.0152342641722561	0.148646640218619	0.100441029613708	-0.0949062186416694	0.764615249646011	-0.0616343020528687	-0.0933453069297997	-0.000873445728297871	0.227453862580762	0.0907269892266302	0.332569278663068	-0.11255999850107	-0.0493862797993474	-0.0796777438889835	-0.0997407172137512	0.0350868618276542	-0.0834815725915327	-0.0730763665127784
Coprococcus	-0.163379939257156	-0.396734298554025	-0.283496492043189	-0.213158853997479	0.662708154549991	-0.193652465352354	-0.10862207542113	-0.377672567319143	0.639558351213129	-0.112189266433539	-0.149495628377104	-0.110854453394931	-0.111245417653458	-0.169524083801822	0.466570481228279	1	-0.0466921539773907	0.44188428951252	0.549540800329256	0.05917557947164	0.685353188716287	-0.154772116717616	0.543465223400554	0.90974839975839	0.407774694613373	0.526253754607835	-0.143593008604945	0.499225818359248	-0.121126242469473	-0.215368473435056	0.615686501261258	0.545994342684041	-0.0604728268354747	-0.122522434770687	0.0913782871351421	-0.101708399860205	-0.0203671307590863	-0.0987874750433222	0.401630080149553	-0.0681336716392499	-0.0561476185548321	0.311739315412079	0.339647418818823	0.602225608774745	-0.226398443206275	-0.033017203857513	0.498193470123808	0.0197681059114298	0.579439733364263	-0.188311561977074	0.357946354651111	-0.303850704184954	0.0191684490289563	0.353080126904079	0.0666162415179341	0.575024476217041	0.642859884835694	0.555013690147772	-0.137057871445756	-0.0668753615852569	-0.084750762444383	0.157211953293014	-0.112173118897411	-0.13536010646716	-0.0734774606113033	0.127518677742635	0.00240926590902842	0.3172832437464	-0.0925563796826663	-0.0228357906748824	0.0228236080487521	0.045585420988899	0.387331236983367	-0.0848227755633867	0.517602055379479	-0.070011745140776	-0.141856943500563	0.0611678032484906	0.263951997468747	0.503552425747858	-0.0209425123907212	-0.128990455544638	-0.0434554049324076	0.0480332108405533	-0.107229128895567	0.000512092138413878	-0.0775977417047956	-0.0944744151209173
Mobiluncus	0.110063090138104	-0.156578780430311	-0.224343085363101	0.0545879072708263	0.243220624871437	-0.180010397913635	-0.0364900062482528	-0.0446273441537643	-0.0708985994840719	-0.113611550767987	0.0410981075356951	-0.0389440762523461	0.0182750010797551	0.0284562401360104	0.0232493791682634	-0.0466921539773907	1	-0.0782887751734767	-0.0262786915352302	-0.0627280433782591	-0.0476265774730643	-0.00979517786940616	0.268991930814758	0.00731418181983592	0.0575500658926068	0.079862590412322	0.0761550174946853	0.0223906301924407	0.00376512250720496	0.191497895354798	0.296485985917332	0.036064807282738	-0.0466573059441246	-0.0894960733288956	0.185617142270222	-0.11036562957887	-0.0189044478148992	-0.0459343860544287	0.177319466276795	-0.0716570839227029	0.0355290659083907	0.0621663862790398	-0.0800440321709439	0.0375744563436749	-0.0718210546720611	-0.0241846529188474	0.151788826385656	-0.0765688913116052	0.327891713701046	-0.106942696006527	0.0513488908873638	-0.138624519459388	-0.0661456270466098	0.176757979885674	0.052080843648928	-0.0471963075187568	0.0269628977923357	0.0411696655708463	-0.0808508598027992	-0.0613992465898111	0.241629181264352	-0.045444874010011	-0.109062158755249	-0.00266260101818046	-0.0656104051667013	0.0124439777556463	0.0167368746157651	0.0841634152119817	0.0352510503588111	-0.0136799204286901	0.231076830614494	-0.0572200680202301	0.157243222860093	-0.0348063034915178	0.0668188741578617	0.0185725437328922	0.0319005510247762	-0.054328086872677	-0.103924343631222	0.0997229023332121	-0.0472708189695666	0.0790309558469128	0.0919526038773236	-0.103448325900957	0.0641617784055127	-0.060586326047284	0.0236746573650853	-0.0412285274027805
Collinsella	-0.122932790374929	-0.312620094712672	-0.267388807073319	-0.0859805225879322	0.376895979841875	-0.207943382718768	-0.128829634605079	-0.271255764811581	0.660664495171895	-0.177402668081281	-0.181764082403566	-0.117658285971942	-0.114276824993034	-0.135645852244187	0.492546386223115	0.44188428951252	-0.0782887751734767	1	0.505440878126442	0.155164716431296	0.775759964488426	-0.176381637800492	0.352244495404616	0.561691436852606	0.466787482648543	0.592347146166193	-0.173036737780812	0.442335206319496	-0.100302899420357	-0.24438870353198	0.62705315575189	0.460131959012271	0.103342404830739	0.00762713499975004	0.188061887792079	-0.056984651617913	-0.0772445649920552	-0.0935332675223991	0.43547893424163	-0.0328618536000712	0.0630324831374126	0.332209215649679	0.627780482374192	0.334142986408693	-0.198234665898745	-0.152472977583247	0.462377529955289	-0.0446592811464488	0.165444473858905	-0.139367036482012	-0.00241952707623037	-0.159176684089127	-0.106338173760426	0.0167261173292797	-0.115790213790123	0.535477147262367	0.150974014581823	0.054318918688018	-0.0847724315289006	-0.0863825009281328	-0.0686587675437439	0.264443850190571	-0.0908931694596464	-0.0466710621825552	0.00103872373232505	-0.0352401711169616	-0.0589624282152451	0.568040933443622	-0.086984625453121	-0.0354116660903029	-0.0710411241061	0.0746068003688913	0.0292720603734882	-0.084624239207705	0.61567240390229	-0.0733608129249824	-0.127929092867937	0.410313717846025	0.413219043413866	-0.00468559547803514	0.0851600363864711	-0.130702841836493	0.00539206522256388	-0.0249035042751118	-0.10867997185814	-0.0435058914190283	-0.0802047546046221	-0.123348828309045
Blautia	-0.260970893499554	-0.324200590200876	-0.207161440318994	-0.218575017580744	0.401376656784279	-0.0490287475532721	-0.105253681624769	-0.345087368186453	0.834403899739513	-0.0903050650124026	-0.173145290394877	-0.129594609840144	-0.136073856708289	-0.151688306875652	0.845701367565988	0.549540800329256	-0.0262786915352302	0.505440878126442	1	-0.0262954467644804	0.696248477959799	-0.166937899727312	0.406785082441761	0.34284077734159	0.341239630120289	0.643309660068113	-0.144611290709692	0.474056741644186	-0.129299752386362	-0.23447534452247	0.622873223110225	0.398837177112849	-0.0473652645082641	-0.130187544096962	0.0179162234927592	0.0160505769293196	-0.00178254503425712	-0.0985444243443242	0.212297761778933	-0.070553495040347	-0.0420951295446919	0.272329608909583	0.261659365634961	0.256541314791016	-0.232604730277689	-0.0936280251433643	0.369985037205408	0.0858704153877933	0.31024143262043	-0.158854353565876	0.0421050514870797	-0.232007967880591	-0.0517033009337525	0.0599816742396563	-0.0418540699964478	0.746643431420436	0.171825162431204	0.110817936913579	-0.133319621593425	-0.0195988251894316	-0.0710241865217203	0.354720910730752	-0.110786085785177	-0.109362482128878	-0.0565298436044061	-0.0330194721806317	-0.0345111643643398	0.254894050003925	-0.0838889458403837	-0.094927041477347	-0.00914492679171116	-0.00472451340782926	0.0901242157897808	-0.077748065657464	0.873983153541737	-0.0682903591529484	-0.113650113157945	0.0764999962166746	0.222097380705817	0.0842952689379403	0.345296101845551	-0.120995621757723	-0.0650739359159827	-0.0995797768089819	-0.0974167586909008	0.0981410347983168	-0.0703960669753488	-0.084232953367742
Clostridium	-0.183857340760417	-0.000809773996837804	-0.0695724593069027	0.650543460433962	0.0077046544062416	-0.21471222798705	-0.0708954052835895	-0.11215046402961	-0.0209362493273698	-0.15257437243189	0.0897364140538557	-0.11547425668139	-0.217100714797543	0.268845161702046	-0.0716083176627395	0.05917557947164	-0.0627280433782591	0.155164716431296	-0.0262954467644804	1	0.152053653802582	-0.218896254839615	-0.1072745255308	0.118329154533722	0.124739689448688	-0.0604296522587276	-0.214396072295536	0.0479740127403912	-0.0738285077484591	-0.145606500091844	0.0542570595224389	0.0614990930028845	-0.0948822782889	0.27767404218231	-0.0355530131521218	-0.102288740430678	-0.0527992164744207	-0.0323916399020217	0.0110993579332142	-0.0738329060526717	-0.13450585249326	0.430277836552848	0.229688598057454	0.242647726378006	-0.00671031494474894	-0.106789111674499	0.188050741795919	-0.120307372024966	-0.0339339918470003	-0.0943309200506749	-0.0692893430868071	0.190217725299129	-0.092982507704114	-0.0382353830506436	-0.0916127868189407	-0.0374393237384056	0.0450551730859012	-0.00656032010178194	0.372285276248304	-0.0278393875396363	-0.116364682449157	-0.0261270233759261	-0.18635391271485	-0.125289761581807	-0.0617136362844045	-0.0753094612360758	0.0656689810423703	-0.0493312924714617	-0.0201620669840244	-0.124081870891863	-0.0473857430805871	-0.0717060608618964	-0.043396488676343	-0.0244533635624396	0.0762085092945807	0.161810625811747	-0.109579731636187	0.0929778796059934	-0.0598929175639351	-0.0198285397930424	-0.112280607216304	0.0842956746494263	-0.0242342499622443	-0.154690609926658	0.114634622235271	-0.100533575923911	-0.0311197108228029	-0.047963918347425
Ruminococcus	-0.212909531797478	-0.412742706298383	-0.30072514325887	-0.181202751829482	0.495492271476855	-0.243743375571878	-0.0990175128505194	-0.361236441270073	0.778195677306781	-0.109638072785708	-0.188066050170252	-0.102134716632118	-0.119125615382804	-0.135867986794259	0.586560420709661	0.685353188716287	-0.0476265774730643	0.775759964488426	0.696248477959799	0.152053653802582	1	-0.17614149702456	0.355123591797937	0.721320240051944	0.672120812323816	0.560836539244505	-0.13371911249189	0.668830782220282	-0.120988164051905	-0.209864214533164	0.803056346236659	0.591782659970693	-0.0566183049139011	-0.121110730484179	0.0240714899442162	-0.0314906871252244	-0.00118256349939263	-0.0443972491555499	0.356075100041819	-0.0545608418277066	-0.114551826641087	0.470918467047464	0.733519649759393	0.559725725374437	-0.206719578054813	-0.0865101101166146	0.678038155830212	-0.0140224766040375	0.351499710447301	-0.166653134793266	-0.0169249081449096	-0.259579981572212	-0.0544156936120036	-0.00812949368177943	-0.0951305067842978	0.533321697385259	0.204937048193064	0.0518900284759645	-0.130531130145783	-0.0586655005245886	-0.0688595746951495	0.340682536418375	-0.123501873641062	-0.143496439359003	-0.0770545656391817	-0.0520356985165924	-0.0466526520875804	0.463358201781778	-0.0397199617166668	-0.0260405084993783	-0.0517172084031456	-0.0421587825278788	-0.00311561766472927	-0.0319446243771238	0.830168341588029	-0.063436619215819	-0.106991693908703	0.0486414763610848	0.296623618236177	0.0337123182676202	0.182963395864306	-0.0889758445192835	0.0178104373290364	-0.033083962038878	-0.0573657645863708	0.0543336201938966	-0.0259189528330486	-0.0571205379802459
Atopobium	0.250666147156969	-0.234067460410915	-0.173972367130452	-0.217849858126796	-0.105633110198428	-0.131704134684052	-0.0776047279127701	-0.00632843493306041	-0.164869315056555	0.306119280370352	-0.105926211542451	0.785809885924213	0.506980709569724	-0.12692392293498	-0.157220860775328	-0.154772116717616	-0.00979517786940616	-0.176381637800492	-0.166937899727312	-0.218896254839615	-0.17614149702456	1	-0.0778278104937933	-0.166968415650257	-0.0790382012552728	-0.141700844336726	0.487968218405189	-0.0497580926472493	0.148337028056489	0.266504260011143	-0.133535472941849	-0.0727620717686469	0.104922185967615	-0.167027074671105	0.0346252113532722	-0.165235922721324	-0.00196680574234977	0.0492813358050123	0.0297092145584028	0.157110144018715	0.158135648399066	-0.135371593808132	-0.0866868015848658	-0.0865993285873308	0.0275635618338573	-0.0943402074808459	-0.0932109232501617	-0.109753298287887	-0.103276303955507	-0.0710713880543492	-0.0149055568978554	-0.142897598270829	-0.0564366582428385	0.0393991384547425	-0.0591964581384945	-0.148543970560131	-0.016851224949887	-0.00211656489469058	-0.23592287291472	0.0293814787405756	0.449200627718965	0.0467737743437401	0.245063881827528	0.122254917365367	0.18748606398159	-0.00924178285114254	0.00262440990413562	-0.106408315842117	0.0564570344958863	0.8679953042952	0.0334481349895923	-0.0822006063623649	0.031722963451201	0.0815731618736098	-0.157570217087303	-0.0833267721637794	0.50410146178095	-0.0881208839606183	-0.0821310281327681	0.0283393531101309	0.0230962411846515	-0.00307604026882838	0.0874671343399225	0.457931455152679	0.0160624466762533	0.0258240755907918	0.0674032800895367	0.0114480034104859
Roseburia	0.148125457176732	-0.412391780813462	-0.326408837736741	-0.174089173021433	0.451199109330193	-0.256167044055786	-0.118496675228271	-0.334852804308125	0.563013445956799	-0.114458840165651	-0.1430282675979	-0.155396565946743	0.117244425718599	-0.158741456678549	0.483557790385988	0.543465223400554	0.268991930814758	0.352244495404616	0.406785082441761	-0.1072745255308	0.355123591797937	-0.0778278104937933	1	0.488171369098202	0.249454249536809	0.680772840477922	-0.090298211850421	0.288005936531206	-0.138153534798993	-0.141507425639282	0.398233972958831	0.16899929734023	-0.100544092384279	-0.111205887362565	0.1020513064347	-0.174287721478777	-0.0892327135018766	-0.136034001381619	0.139689599115515	-0.144488362203273	0.0109872698431675	0.163791572349302	-0.0398812338334992	0.0748439277996904	-0.291391532199709	-0.138190713344247	0.160109053425348	-0.0485325631280346	0.376031731523372	-0.0546840838578762	0.100639020890639	-0.179128160184348	-0.0933566062775865	0.197834466184239	0.0322433921807099	0.449853382812385	0.169339721058336	0.144840305583226	-0.173328162516358	-0.0235524344670734	0.0445581541392585	-0.105684470024153	-0.0918298623662196	-0.161070596401939	0.300395750062956	-0.0255003500587503	0.0228349256706047	0.26844110344727	-0.102629215256353	-0.051187425646258	0.203998335142939	0.259145654291358	0.202874139587967	-0.100487136424944	0.315196302266451	-0.072763756144803	-0.0908740220275093	0.325597039714026	0.146626311742669	0.18608760706048	-0.00596081043284444	-0.115781344878299	-0.00194914369697513	-0.0152035940512236	-0.0943568307269059	-0.0285221978466315	-0.0875235879112162	-0.0628347804503115
