Prevotella	Bacteroides	Peptoniphilus	Lactobacillus	Porphyromonas	Anaerococcus	Dialister	Streptococcus	Finegoldia	Faecalibacterium	Campylobacter	Gardnerella	Bifidobacterium	Fusobacterium	Dorea	Parabacteroides	Ruminococcus	Collinsella	Sutterella	Atopobium	Clostridium	Lachnospira	Coprococcus	Corynebacterium	Mobiluncus	Blautia	Roseburia	Oscillospira	Actinomyces	Sneathia	Peptostreptococcus	Megamonas	Phascolarctobacterium	Bilophila	Akkermansia	Megasphaera	Veillonella	Parvimonas	Desulfovibrio	Delftia	Anaerostipes	Butyricimonas	Gallicola	Moryella	Odoribacter	Peptococcus	Mitsuokella	Paraprevotella	Escherichia	Arcanobacterium	Haemophilus	Bulleidia	Catenibacterium	Eggerthella	Staphylococcus	Varibaculum	Pseudomonas	Neisseria	Coprobacillus	Mogibacterium	Rothia	Lachnobacterium	Slackia	Alloscardovia	Methanobrevibacter	Pyramidobacter	Ureaplasma	Shuttleworthia	Acinetobacter	Treponema	Facklamia	Lactococcus	Aerococcus	Synergistes	Gemella	Adlercreutzia	Alistipes	Leptotrichia	Anoxybacillus	Holdemania	Dermabacter	Actinobaculum	Aggregatibacter	Anaerotruncus
Prevotella	1	-0.506718245335555	0.22111346778765	-0.319878337821917	0.114846824870804	0.0466382018831741	0.606957165826316	0.252433067322704	0.149233315897655	-0.319513968112058	0.339348198069413	0.208247380015504	-0.316914907514471	-0.0280327695964019	-0.300037706730693	-0.223177125554619	-0.346734587520163	-0.202205417962126	-0.20176538200685	0.403568671641749	-0.165628557940407	-0.227307827576052	-0.207684900314365	-0.0149135638660205	0.292862001496885	-0.307003728502238	-0.253560847186583	-0.341373618991349	0.0624907734839333	0.10083225548476	0.304166198470676	-0.106834084665113	-0.356981679360683	-0.226549872965342	-0.177951201835107	-0.0104583402330881	0.296839640887697	-0.068357949494818	-0.108779393696956	-0.0330802118403139	-0.277637717481987	-0.277661833069395	-0.201899016284566	-0.00280907000455269	-0.211306967500869	0.0542097188961375	-0.111672764892163	-0.195450905669569	-0.0183478107091085	0.203912914211962	-0.156416182525603	0.168973720013225	0.174265941763575	-0.308802441114703	0.176055048912615	0.00198013796926133	-0.12477703614678	-0.23062501265198	-0.0485251051209885	0.175211662801753	-0.238987754682063	-0.106253163418157	0.381053868300771	0.195439301718921	0.0268622377942493	0.226997788059927	-0.03630875343632	-0.221814521727796	-0.0116527308645981	-0.0401987071574547	-0.253588020404128	0.0591497925211919	0.0356611191086902	-0.0762045312419142	-0.0323063222462045	0.0230543361878576	-0.176388081329769	-0.218229982424557	0.0686364728975316	-0.333443137978233	0.00551031795131587	0.0893098606996588	-0.230095238135291	-0.237953306559511
Bacteroides	-0.506718245335555	1	-0.451446108366811	-0.254902169372146	-0.234527497404064	-0.339872106133581	-0.487698326806966	-0.290087593468471	-0.3445606173641	0.575067546514813	-0.0831601540784368	-0.233176899511459	0.337369429833646	-0.0701048328351652	0.514603125499459	0.310470616697336	0.48551270712086	0.206040601536646	0.455677966663157	-0.20128321071669	0.20065041603807	0.408516449631039	0.335989804784615	-0.284224423965153	-0.239928219344404	0.384554403002725	0.461693652013648	0.619422107295926	-0.22169978366861	-0.163328792656692	-0.162749731043372	0.138301493309211	0.785898721099379	0.58878683001134	0.0529853880287577	0.0521320202112953	-0.185989710251094	-0.162794764981523	0.192692857132115	-0.222193239854775	0.484158632948999	0.6943606574514	-0.10267412402647	0.0766942488506571	0.455067304676073	-0.247462984471576	0.221862280737849	0.312507920635314	0.246082518416534	-0.165838254222778	0.169872709036311	-0.110198852598098	-0.104848632939686	0.492941874159224	-0.173391086766005	-0.101255735525909	-0.132017612702408	0.247817622693195	0.0956215660049149	-0.136286748726824	0.273406424398103	0.197973854681564	-0.231569922756841	-0.0390819170850562	-0.0811347649468614	-0.00283068113524311	-0.0058386061974477	0.258142325595038	-0.132805470188747	0.153924847587329	0.0649034980290697	-0.146127420006867	-0.119660007682327	0.307906832347104	-0.108462881981231	0.127896861189009	0.428465860675035	0.257304344435968	-0.081221190541051	0.621879249740268	-0.154107110574677	-0.147527258378248	0.272303915037861	0.543069624980855
Peptoniphilus	0.22111346778765	-0.451446108366811	1	-0.330551537518904	0.288774608845479	0.595872589143669	0.503829005877265	0.178718551836747	0.574316261324719	-0.42448996310957	-0.0102510716600049	0.0212044385008442	-0.0725996562629487	-0.0202141277319326	-0.290158627799036	-0.177818406627862	-0.389578495062227	-0.0367739331659727	-0.205611704783668	0.0124901493651055	-0.146682316155525	-0.271651267844292	-0.350023349597849	0.409748662747724	0.122397905858852	0.192225325163264	-0.146203649257904	-0.44639476576701	0.0658394401059152	0.0148852438491553	0.000779074767033526	-0.219683839052803	-0.233201011585919	-0.370037839223602	-0.199228526980095	-0.105328051403557	0.10604662243424	0.0174722443489988	-0.258250781720725	0.469389084443916	-0.171221890603105	-0.40613133776722	0.279957503356684	0.0198815517998922	-0.307883718043157	0.0694164263017247	-0.193524476191591	-0.280251645710216	-0.245172614209302	-0.0130447342465159	0.0492183782220556	0.0367894629756613	-0.00958273246596342	-0.117774158855879	0.15072436299113	0.25670837038603	0.427203334831646	0.0395997314452248	-0.117525988515362	-0.0581784138234093	-0.012257361475311	-0.159167750679303	0.0377613924152232	0.0153962147607172	-0.13742643477571	-0.0223686856210919	-0.0102310422849672	-0.017649863451905	0.341291970835223	-0.187287016864077	0.211992088143351	0.196835695192759	0.161846886804729	-0.261583598487572	0.00412894378078704	-0.0833856839299711	-0.162675237001907	-0.000845246977223749	0.0928427978121496	-0.258770475913181	0.229247888284531	-0.0949511887866221	-0.0186385690917285	-0.210003205674382
Lactobacillus	-0.319878337821917	-0.254902169372146	-0.330551537518904	1	-0.245826061966065	-0.260858633869235	-0.327417843102088	-0.135361243119464	-0.190408835410791	-0.223989318448812	-0.202879998509734	-0.117551086332717	-0.173116718310727	-0.140935951949771	-0.142752577906175	-0.10597150495684	-0.173007193932335	-0.182099045535656	-0.238472385237848	-0.167734126826015	-0.0679295495635431	-0.15165796599407	-0.194923782110509	-0.139750430441335	-0.120282645327033	-0.253147644118083	-0.202717486996915	-0.250269507663863	-0.0512367692389482	-0.0748904724742359	-0.141597762662508	-0.083051947882568	-0.20706045358479	-0.25564398601951	-0.0582737396727427	-0.0617617669685687	-0.0960942955752048	-0.084272592915012	-0.102657505999647	-0.156740727200178	-0.139551677378111	-0.172926300228308	-0.0480564944069031	-0.0650042089956155	-0.15787136966482	-0.0917778659130948	-0.0437718834612565	-0.131306105772604	-0.136491134484648	-0.117306647173482	-0.125869226449686	-0.0498375867798467	-0.0501857914687041	-0.188928635064369	-0.0494682735890423	-0.144188793166695	0.0254760543830593	-0.079937066817449	-0.0897955410309344	-0.113570500785088	-0.0885458858137824	-0.0768493531859854	-0.119997990377793	-0.0776211325483786	-0.0695677352466829	-0.0721760584452212	-0.0664860538717211	-0.0752509332629318	-0.00284170486051666	-0.0534852291299347	-0.0201454514224853	0.0384034451916714	0.0122795813548002	-0.116368863996497	-0.060934347100777	-0.164185771635933	-0.144085126223242	-0.0791750119990439	-0.0370784294385417	-0.164842974619653	-0.0747744332895865	-0.0649751685495857	-0.0820956179809548	-0.0835538676692579
Porphyromonas	0.114846824870804	-0.234527497404064	0.288774608845479	-0.245826061966065	1	0.130936714451726	0.0527205535383871	-0.0688678664910699	-0.121799532443923	-0.0615383272765186	0.112028877227392	0.0565606722218249	-0.336070965637434	0.068604365551229	-0.115286787639303	-0.0993001180780577	-0.0582567562099939	-0.176340788721615	-0.213903807860235	-0.010885112894738	0.253996992026901	-0.0227132291508918	-0.0576139186473999	-0.0514754616709825	0.545051527674492	-0.164918160478197	0.0475355190054428	-0.0821445576944422	0.159684444681043	0.325734215453082	0.102345752608431	-0.125560592238364	-0.166602150625518	-0.0854622769262161	-0.143251605931053	-0.0017425198788318	-0.192537029636956	0.357660661925965	-0.0273896171012334	-0.14267353561959	-0.0852853154792914	-0.113164298452878	0.183383329073923	0.122613309719661	-0.0816421934445526	0.531980019150252	-0.173527670547135	-0.174153808744759	0.0755281403860323	0.297876584794876	-0.165671940327529	0.104298929587062	0.225518496284128	-0.15466739067467	-0.239741974867614	0.312896344481281	-0.037303507607889	-0.0780681926989594	0.0957130905731875	0.375534063978241	-0.0985584363307361	0.0565369363743099	0.0321874420060371	0.0187268357404698	-0.00359721558115155	-0.0799739395037683	0.0399039940314223	-0.0849072869811948	0.0957890429777771	-0.0312113985604047	-0.0247106345150935	0.246588295349121	0.0726407396364512	-0.059371667936432	0.387085819617475	0.0872270647303032	0.00758039378245721	-0.0867467716148551	-0.150553757626409	-0.0993665331036141	-0.128969101788248	-0.0209006615786319	-0.0868023702083923	-0.0705575246124721
Anaerococcus	0.0466382018831741	-0.339872106133581	0.595872589143669	-0.260858633869235	0.130936714451726	1	0.178125775253496	0.0714170115124886	0.649415084127788	-0.286253887581948	-0.0642073815011037	0.195303786414509	-0.118022956075776	0.0624752420134078	-0.21626026327501	-0.184601238780726	-0.246788349131451	-0.0164003148159917	-0.10953454969592	0.0567636588688626	-0.102239023802931	-0.207938067658655	-0.205055244770602	0.569247996949665	-0.0965685113637585	0.0648648614738555	-0.0888771875425853	-0.399330391196005	0.184198451843847	-0.0719600595494656	0.216399613613929	-0.192957017318135	-0.164360597071451	-0.33331167828969	-0.132777829027276	-0.16585188675834	0.145585517667058	0.194575679042527	-0.178972406525731	0.500526283348046	-0.113097459736278	-0.361061775952504	0.481181449165561	0.0544281527186879	-0.256627430171153	0.160492664331716	-0.149888131131163	-0.248364925877489	-0.270573266618354	0.126577091049741	0.103222730668636	-0.137734844430808	-0.0278754462203168	-0.187277124053218	0.0668894354665726	0.187282274492544	0.069547288542695	0.0346438220522457	-0.105023347442615	-0.071861641236966	-0.0255344594825078	-0.103624238018506	-0.0148331640249591	-0.0313659829733325	-0.109989907882686	-0.104753727938102	-0.0808163376257102	-0.0311910758659614	-0.0365220326743353	-0.0729670193159143	0.33051128116226	-0.0734967060274549	0.082308921333263	-0.215950921898679	-0.0840701470637841	-0.0989012036326274	-0.203753488891458	-0.0231829828182756	0.102000081296446	-0.205035104460769	0.366259791727316	0.0996571046725462	-0.0166808581522774	-0.184088033688327
Dialister	0.606957165826316	-0.487698326806966	0.503829005877265	-0.327417843102088	0.0527205535383871	0.178125775253496	1	0.202149073937176	0.21663566546143	-0.30981808688174	0.122036032175885	0.256059293564872	0.014999813768898	0.00845479778296258	-0.242495500226556	-0.20232837363889	-0.211714192837796	-0.157750963406629	-0.167280087042446	0.400338481375097	-0.184464117806336	-0.319827306491616	-0.173282395774713	0.00904120018027951	0.168066865150037	-0.0201328253651303	-0.268623415117462	-0.276821268199694	-0.0211244954572628	0.121051652800712	0.0117663903634878	0.0731314761147476	-0.358700744601167	-0.203121353147721	0.174250774487927	0.0315728973471383	0.174608790544947	0.0118814513893938	-0.0547034388064645	0.0871164009524103	-0.269643634119831	-0.301376056964415	-0.102732242315201	-0.0188557190611879	-0.238088170227486	0.114667905587556	-0.0691103977669042	-0.10177294139475	-0.284071319206295	0.0880625780464941	-0.255471710549807	0.235244718917154	-0.15884754979783	-0.0983770031078353	0.0606692834527685	0.0546813962395019	0.280045805349304	-0.213425530442742	-0.0488772947348414	-0.0295030549576069	-0.206525564251813	-0.235558936338042	0.254553909715705	0.0719581592417829	0.199192739268585	0.113123189131223	-0.0860601066905874	-0.217386923811485	0.105639647315605	-0.145556943632897	-0.191754141776614	0.0250749853840083	0.238613340794082	-0.0223806380940429	0.0556241642869735	-0.0650547801176287	-0.165107033396292	-0.208374434622434	-0.0177219912279332	-0.320140467456267	0.0154110822381953	0.0196154891770348	-0.239433052170569	-0.157029092023795
Streptococcus	0.252433067322704	-0.290087593468471	0.178718551836747	-0.135361243119464	-0.0688678664910699	0.0714170115124886	0.202149073937176	1	0.0997966878253644	-0.276488332263952	0.0944155111509384	-0.0235053960869048	-0.21547759667416	0.155165274859905	-0.140715669329536	-0.0859850835613286	-0.227148730839244	-0.183939648178087	-0.19762199736578	-0.128342976538625	-0.185246104415042	-0.199263475784508	-0.222793856530623	0.256063138558482	-0.0455570147258185	-0.212495005889348	-0.174860165686981	-0.210798239050407	0.326179696567034	-0.0991703955157465	0.0615856220707275	-0.112231387673385	-0.158195755644991	-0.141977316472813	-0.0903298359165121	-0.12401475315401	0.375405984732732	-0.0020423276848438	-0.075281383364074	0.233686926662337	-0.188861733144606	-0.157226926091983	-0.00111285797752727	-0.161233668097018	-0.117654381057099	-0.101462054509434	-0.0774312803611055	-0.175567197232382	-0.0858678798297495	-0.0869657349463834	0.159368096203805	0.108857240552662	-0.082943964715356	-0.0997390934210899	0.459423280758238	0.0264103144474638	-0.0904977548250097	-0.0671212384935391	-0.07049156182397	0.175527585556075	-0.0785316028715679	-0.0896246291435886	0.165793976489883	-0.124419267346444	-0.0807332179003743	-0.150574376856984	0.432688035394453	-0.0655934441817042	0.013894076973118	-0.111628242998558	0.0321108904313965	0.0624934742257202	-0.116174439368958	-0.168624039904342	-0.0780446558828817	-0.0225574731257734	-0.183226054958769	-0.0596373907614769	0.0969756464933923	-0.19246385540291	-0.0284364447754402	0.425265353280388	-0.0730280001688371	-0.0970805700707707
Finegoldia	0.149233315897655	-0.3445606173641	0.574316261324719	-0.190408835410791	-0.121799532443923	0.649415084127788	0.21663566546143	0.0997966878253644	1	-0.322831380795206	-0.164540135902011	0.0629146459046037	-0.0510582078713092	-0.0466564634929022	-0.210722338900463	-0.125549919165417	-0.267944521602844	-0.0512724645566586	-0.112691533022275	0.114043920572648	-0.184023198838174	-0.211617110247818	-0.196000588701713	0.658084737291654	-0.135632719888823	-0.0105609387155693	-0.178004008302646	-0.314172721792504	0.019234784065838	-0.0404330843865741	0.0102412424362085	-0.162417171820756	-0.15121481383807	-0.321339783301244	-0.100096346378101	-0.0213715328488781	0.101979383535536	0.0315573786288074	-0.159210901897667	0.790771383854393	-0.0755184336370268	-0.292101959408965	0.281982119440695	-0.138037841559448	-0.193741439578614	0.0229778419918728	-0.105971989198148	-0.119580196703003	-0.214083388065757	-0.00962707283345224	0.156998457729375	-0.122321893662409	-0.0523598374230926	-0.110547463554899	0.395685031800862	0.110757640628771	0.0876366626031831	0.0439528145143207	-0.155959799852126	-0.172070602474707	0.0109474409560594	-0.1301727033005	0.164838638673981	-0.000343026043229724	-0.0896816988183847	-0.139357493085604	0.026857981742762	-0.00204480293663546	0.057169980559571	-0.0611806498964375	0.174667786365692	-0.0465920007405413	-0.0191940323575098	-0.208362650080692	-0.0647767403352319	-0.0984732407213602	-0.190551128906797	0.00869853929791593	0.424774190078333	-0.184210058885007	0.594070092533557	0.0412716556519292	-0.00102155630975888	-0.15552294386623
Faecalibacterium	-0.319513968112058	0.575067546514813	-0.42448996310957	-0.223989318448812	-0.0615383272765186	-0.286253887581948	-0.30981808688174	-0.276488332263952	-0.322831380795206	1	-0.0219926337791779	-0.166569954205212	0.43986579466416	-0.0934068055725454	0.134811488789596	0.0220497526318889	0.621065259074591	0.16960367719809	0.652383916890363	-0.189471414222491	0.00159026319232334	0.684623968975508	0.629536878114107	-0.278474976053214	-0.243009328836529	0.222194878675684	0.540689497665884	0.463550124255528	-0.187958298592733	-0.128818599241622	-0.0999812570910896	0.446254379495316	0.172348591048943	0.39467341538796	0.290379923728523	0.196020059928932	-0.154005546382423	-0.118456524750235	0.268384220351102	-0.223072184774755	0.301128346341828	0.47750152165772	-0.011086198950721	0.0408525405099094	0.339988220935881	-0.185632579789839	0.493391591471343	0.529247518458314	0.0813887024735537	-0.126655716665497	0.0021334448901653	-0.0675841735171699	0.0484682805809023	0.145928181294987	-0.179208523811118	-0.0240429583778856	-0.122465268252999	-0.0645570980501083	0.251724281586783	0.136383436488049	-0.048731541826477	0.379694236278154	-0.233742098594348	-0.0912042357342218	0.218012772144517	0.0431366915576144	0.0753162243618071	-0.0661546407866057	-0.0987943505915384	0.307121781320087	-0.0961008680965409	-0.142204650436193	-0.193544635017744	0.235369293185575	-0.119759761758994	0.0966355809016217	0.240453733047283	-0.0647086492160193	-0.0772312113289863	0.210505467923847	-0.110134730773953	-0.0677522980634526	-0.0436684231670844	0.135709005945098
Campylobacter	0.339348198069413	-0.0831601540784368	-0.0102510716600049	-0.202879998509734	0.112028877227392	-0.0642073815011037	0.122036032175885	0.0944155111509384	-0.164540135902011	-0.0219926337791779	1	-0.0550995042129597	-0.268033982582143	0.0680835323287561	-0.0733959668441243	-0.0275205379383132	-0.138597773512118	-0.103531725644431	-0.102963089157787	0.0581443616132176	0.0105814658070592	-0.152172477743528	-0.113155159137721	-0.141509409079559	0.120111471207081	-0.10442930284894	-0.0776623468442302	0.00191296155365528	-0.0576378455651703	0.114225137078322	0.0662818021354173	-0.0210392101966711	0.0414080573635668	0.0491412432484309	-0.0585105071455859	-0.145931191930153	-0.0221174981388637	-0.00383005145798366	-0.0311385329805876	-0.173367616058692	-0.167119139219659	-0.00345877884227874	-0.113556264743488	-0.0311963334459185	0.198454861310824	0.0403576504084435	-0.109977506198733	-0.00575490770890955	0.215664778871222	0.19978917887034	0.0362059778543858	0.166605139089539	-0.0946345548070512	-0.0147140853741413	0.129394368117973	0.446034503883326	-0.101068851751738	-0.0811609897994478	0.127958232092344	0.245164202240396	-0.0817328765986618	-0.0756663779150909	-0.119783579034767	0.250609990388506	0.124543369549414	0.222125229929258	-0.0807508115032187	-0.0695351398880628	-0.127833724289513	0.0192257963039587	-0.15235986266086	-0.106508232356206	-0.148803915768063	0.276983317941489	0.0388578278106083	0.0464260975357307	0.22724648853566	-0.0721794024134232	-0.144694512235544	-0.0285605232639658	-0.103417778656679	-0.0811590774161496	-0.0558302276938193	-0.108424183606107
Gardnerella	0.208247380015504	-0.233176899511459	0.0212044385008442	-0.117551086332717	0.0565606722218249	0.195303786414509	0.256059293564872	-0.0235053960869048	0.0629146459046037	-0.166569954205212	-0.0550995042129597	1	-0.218512284606812	0.0891787161228988	-0.152584106002991	-0.118365104035728	-0.126648924682496	-0.124107956668747	-0.175008920174293	0.746327975001228	0.0183777437663387	-0.0867228576154471	-0.12665545528567	0.207202505212637	-0.000911098232184855	-0.220060974428273	-0.160783795884928	-0.184162085931408	0.371200886919765	0.140778574885196	0.0135417179447888	-0.041368136463566	-0.196626486041342	-0.133753470479958	0.031872185872451	-0.0294417781684535	-0.109935943820009	0.378563649955532	-0.113764413925529	-0.0216884270943791	-0.127219320949058	-0.208110574498355	-0.0737723313783494	0.0563332459204653	-0.145570748120737	0.22244051527752	-0.10282713619796	-0.0810339555498058	-0.0789381574094012	0.065318210208263	-0.103171833702034	-0.0870974989585283	-0.0167549746907207	-0.17077034761794	-0.105846900536587	-0.0920823840798031	-0.0655038777391447	-0.0715039061541866	-0.0198369684583191	-0.0570262269548404	-0.0683133897116892	-0.0396989318258363	0.43502960102344	0.077163451795823	-0.022627326153755	-0.100043671474534	-0.0119474939737365	-0.0660530859667685	-0.111435650353282	-0.0531651234936506	0.139778276307246	-0.0915164401356672	0.45366750805591	-0.0986588502150551	0.107840017997683	-0.133583880119693	-0.0954790117145548	-0.0693100804709752	-0.012444923019011	-0.173156731268973	0.0252625900434246	0.135804147979043	-0.0618730466156843	-0.0870086279017097
Bifidobacterium	-0.316914907514471	0.337369429833646	-0.0725996562629487	-0.173116718310727	-0.336070965637434	-0.118022956075776	0.014999813768898	-0.21547759667416	-0.0510582078713092	0.43986579466416	-0.268033982582143	-0.218512284606812	1	0.0042821333053427	0.261645857123579	0.120661997307505	0.447930243853221	0.444934269257111	0.483678900636582	-0.153669815201486	0.0602286007118801	0.217754573241115	0.373877717881409	-0.15281988129166	-0.235402455306532	0.58404810043497	0.0957299044798817	0.315626436237764	-0.191686140701343	-0.143533295001924	-0.121935659268185	0.232052624775301	0.0734858566511356	0.14487409072126	0.391308834181154	0.241071374925277	-0.104919996554013	-0.116485772270621	0.277656781825938	0.062020831806095	0.222364896168815	0.0693164279348984	0.0074175736026049	-0.10876510711246	0.116795674181566	-0.184311931753535	0.321919824015879	0.312201039880252	-0.00257198110187465	-0.194194269992912	-0.0204398542323446	0.0102160255540812	-0.0242658636569807	0.275069710551103	-0.043578699048793	-0.120638604453193	0.31226043354611	0.11348631459487	0.0460363360389145	-0.106500128371286	0.125151877788612	0.0131589170376564	-0.218887789317515	-0.101674984422312	0.28345218886853	-0.0210845485027199	-0.0782680386268214	0.0983663145768513	0.19701000267439	0.00923161360755158	0.0757266347888267	-0.0727145440338333	-0.161983853404886	0.111057500417599	-0.0943088854697571	0.113711264172722	0.0407140093160096	0.103499425040749	0.135794135409605	0.0964165446216275	-0.108939694982317	-0.117667833854885	0.0940164792907544	-0.0026700533347763
Fusobacterium	-0.0280327695964019	-0.0701048328351652	-0.0202141277319326	-0.140935951949771	0.068604365551229	0.0624752420134078	0.00845479778296258	0.155165274859905	-0.0466564634929022	-0.0934068055725454	0.0680835323287561	0.0891787161228988	0.0042821333053427	1	0.0666564176952403	-0.0778379377599015	-0.198826690134942	0.481096494950809	0.165448221374371	-0.0255071995394321	-0.0903199025362554	-0.148131430991542	-0.100072144179041	0.0490997025203412	0.0685624529741302	-0.0887870917590468	-0.0503080668932195	-0.180688494705816	0.113897702575135	0.145823427595258	0.0508613238592832	-0.0950104011145534	-0.158197032499056	-0.0542191378364388	-0.076394415008945	0.356377132558791	-0.036830921656867	0.271672422125643	-0.134896191508565	0.0233730464728867	-0.178770015337302	-0.211802555578778	-0.0214918703493122	-0.0305349406339026	-0.199882101256801	0.209538859976061	0.0144006535172503	-0.185765061745493	-0.110824672588007	0.134363523808324	-0.0705236236311641	0.058682773381113	-0.0589202498172831	0.0362135439781081	-0.124843577218966	0.102667824492315	-0.108118271780646	-0.0854251699151191	0.261771814626225	-0.127691457195457	-0.071765087910682	-0.079634739614857	0.016677947317046	-0.0613028579561174	-0.0871679713489783	0.0636570503531092	0.274080889077533	-0.0723829635323683	-0.120879089008184	-0.0459956958271124	-0.0478046934007656	-0.0824772846318071	-0.0547981441719235	-0.165573342544678	0.205273023188741	-0.229977832718993	-0.17258202647023	-0.0759752729353792	0.0237619292007067	-0.0685440607685975	-0.0101172197440155	0.417886879637857	-0.0720750353289122	-0.0959855962334234
Dorea	-0.300037706730693	0.514603125499459	-0.290158627799036	-0.142752577906175	-0.115286787639303	-0.21626026327501	-0.242495500226556	-0.140715669329536	-0.210722338900463	0.134811488789596	-0.0733959668441243	-0.152584106002991	0.261645857123579	0.0666564176952403	1	0.0957341026435396	0.26781191787754	0.112877788222208	0.205874707564077	-0.0847425066028798	0.302127706521389	0.00649818108201926	0.212619861733444	-0.187457715066527	-0.0832225181679112	0.111225308166744	0.0192436146346995	0.47449743994771	-0.146983947179011	-0.0955192026825994	-0.133733255031722	-0.0762615671457382	0.335760933245135	0.567538203000672	0.108243892050649	0.0859578696103558	-0.102030555241551	-0.133926044902341	0.414527799187467	-0.010252229266173	0.133201635425129	0.272013393016994	-0.0796203477293748	-0.0233220749476326	0.395798424668466	-0.11984476459605	0.122520484156954	0.114845953953059	0.114535093961972	-0.0399526273225232	-0.108771295483267	-0.118755251743	-0.024542497385021	0.670034216758919	-0.107927162140458	-0.0812741009914712	-0.0830279698907242	-0.0712480768303617	0.10556753818681	-0.142004501991307	-0.0630374497936402	-0.00889698908667506	-0.198778027386469	0.139951231297843	-0.0484744164283882	-0.0560670635285829	-0.0479541414499953	-0.0641333448671809	-0.0905743973144471	-0.05774856671886	-0.109894944018664	-0.0888590929347001	-0.0857492518171266	0.197693075131376	-0.0758413287406144	0.328374991609967	0.184727863390536	-0.067361268410126	-0.0567853791894909	0.155086504381762	-0.065878190893229	-0.0603439842656537	-0.0699051162482654	0.0936934281218667
Parabacteroides	-0.223177125554619	0.310470616697336	-0.177818406627862	-0.10597150495684	-0.0993001180780577	-0.184601238780726	-0.20232837363889	-0.0859850835613286	-0.125549919165417	0.0220497526318889	-0.0275205379383132	-0.118365104035728	0.120661997307505	-0.0778379377599015	0.0957341026435396	1	0.0512999453598606	0.23072756957629	-0.0077225241390566	-0.0453354072293182	-0.06840424630593	-0.00533919334958595	0.108722243039024	-0.0853980277110158	-0.105484078741244	0.185585246301649	-0.00931444693875339	0.618811875915852	-0.0679862137946717	-0.0622239179720842	-0.0956647444817751	-0.0165199769005059	0.258016001722874	0.413616327362684	0.0621052633988932	-0.0663386630578966	-0.0589300358175403	-0.096792269284757	0.161258901023876	-0.117988032326652	0.149915213462608	0.19669975155047	-0.0567316871846344	-0.0359346761777786	0.203488745171465	-0.101052309950445	0.00228776105634063	0.040441230091071	0.608537677266516	-0.0919387377162039	0.392691399612344	-0.0544631399038885	-0.0102417774560565	0.441592719313094	-0.0693200273533007	-0.0948621950348834	-0.0492753343015651	0.5975332867674	0.0213656744665741	-0.077506903602471	0.703588059595567	0.0237785077844467	0.0137609642677093	-0.027628866076519	-0.00296966409739859	-0.057844058376539	-0.0270142298179749	0.725941890895127	-0.0770555758715153	-0.0169573870720151	-0.0357614425850779	-0.0559036269609847	-0.0823275394253791	0.13531119493183	-0.0069972293903063	0.0691115779796248	0.122498603499661	0.696828818471549	-0.10400016100721	0.679377423316461	-0.0609928728993514	-0.0521414923243029	0.708886106218798	0.0550584446747596
Ruminococcus	-0.346734587520163	0.48551270712086	-0.389578495062227	-0.173007193932335	-0.0582567562099939	-0.246788349131451	-0.211714192837796	-0.227148730839244	-0.267944521602844	0.621065259074591	-0.138597773512118	-0.126648924682496	0.447930243853221	-0.198826690134942	0.26781191787754	0.0512999453598606	1	0.239789897962341	0.284776195285543	-0.195568964320186	0.311804375549449	0.473074640801438	0.5872082993128	-0.242733320401459	-0.237064899891369	0.26639708416755	0.447563552682413	0.646192530261596	-0.167812701501768	-0.123260565409299	-0.168050884093778	0.507946279716028	0.32894578625506	0.373537295206433	0.632024249259303	-0.104891294480456	-0.130628613200597	-0.146573860883739	0.306465458295667	-0.179227935009206	0.345261603057045	0.478899392400817	-0.0192902886537744	0.0110288411587557	0.294347369062947	-0.152382071685222	0.053762327168588	0.581993691271374	0.00670045420818161	-0.0626574303075144	-0.0182850597771072	0.00247955326943894	0.0776288262517811	0.0073869936572887	-0.123483500720402	-0.154974491598523	-0.121837651377711	0.00310240313306261	0.01969972363852	0.115803464408464	0.0503381574059776	0.232365759132557	-0.173248074596043	-0.150138798254348	0.538082897820573	-0.0808937814672776	0.0827764101487297	0.00277467606503372	-0.0848753597000649	0.0468710827783918	-0.0541041048914899	-0.110389101021648	-0.114330539318526	0.265515648442731	-0.0867693292402742	0.291651930855321	0.0991672764506203	-0.0011589906198657	-0.0712299072888637	0.254468366336006	-0.0829180403009923	-0.0362712047710611	-0.00422438798571673	0.305859229656228
Collinsella	-0.202205417962126	0.206040601536646	-0.0367739331659727	-0.182099045535656	-0.176340788721615	-0.0164003148159917	-0.157750963406629	-0.183939648178087	-0.0512724645566586	0.16960367719809	-0.103531725644431	-0.124107956668747	0.444934269257111	0.481096494950809	0.112877788222208	0.23072756957629	0.239789897962341	1	0.342588911953958	-0.150400905308285	0.0213536999285231	0.0704119819560286	0.114786078743908	0.0183843290037299	-0.19037795134937	0.390412375255492	0.151836037265774	0.237118820546499	-0.176454689644504	-0.0951112610637578	-0.0622467181425406	0.0725333878776871	0.12128803958146	0.153477360649302	0.100811761532871	0.417547213695613	-0.0179168939885308	-0.134238092967709	-0.0177907251835591	0.0466059052157781	-0.0429560119845979	0.0895502480390038	-0.0277523543789768	0.0631819222842836	-0.0403183683737876	-0.127174495761253	0.182659642115453	0.0879410333923027	0.189143066794669	-0.0377163297062072	0.0713408518071069	-0.0701720199848509	0.0423841628662547	0.0915867071525664	-0.0878509471809149	-0.144170120430638	0.0879346455626091	0.0837689446434948	-0.0202061319816349	-0.0569367553071797	0.13603143452941	-0.0441311086153357	-0.162849409472208	-0.0861509795283308	0.0595210200629088	0.094248615593252	0.0023903920905101	0.122380656536652	0.000591147334927154	-0.032276399833162	-0.086256459916887	-0.0960024351309151	-0.0595368857791281	-0.0598693954119494	-0.0796062466737215	-0.017193544784899	-0.0478697619588749	0.113217481838143	-0.130690726920502	0.264448205373916	0.0362628627977097	-0.0144800819125845	0.109505135975438	-0.0245152923063994
Sutterella	-0.20176538200685	0.455677966663157	-0.205611704783668	-0.238472385237848	-0.213903807860235	-0.10953454969592	-0.167280087042446	-0.19762199736578	-0.112691533022275	0.652383916890363	-0.102963089157787	-0.175008920174293	0.483678900636582	0.165448221374371	0.205874707564077	-0.0077225241390566	0.284776195285543	0.342588911953958	1	-0.153073249745814	-0.0885574867543527	0.189452437976935	0.168080017806973	-0.0532272175887558	-0.228667989224659	0.225708538367502	0.357315357205227	0.216366105848449	-0.234505641696395	-0.165654193204038	-0.0608592064841779	0.0880889463258285	0.0304619443045766	0.338577200054097	0.0619530868247934	0.491642974267009	-0.021328935207887	-0.147895497081369	-0.0235261522257372	-0.00670634311959093	0.0818506101504515	0.0927707677579234	-0.0477190516494726	0.157411361655741	-0.00133120312948334	-0.211426980379351	0.710689336865059	0.210918455351718	0.00341709046745507	-0.094935777745202	0.123595795440575	-0.0693408317044749	-0.0441355853693402	0.254682426881041	-0.0814697351100338	-0.0419691364683258	-0.13998275842857	0.00432182800786957	0.422239505577224	-0.0632203291204705	0.0157665417179798	0.168242143526954	-0.222284019274288	-0.081698384445796	0.0470083974404518	-0.0204618994338247	-0.019133238722339	0.000634672487736691	-0.113667022136736	-0.0360068388036653	-0.0438024379615219	-0.151921601092819	0.0153599155795542	0.0297857351182843	-0.124941150993406	-0.0352034595018249	0.131099566118752	0.0058583562169083	0.0844592276067737	0.13618551854753	0.110264457617701	-0.0920155344162908	-0.00421929149903005	-0.00313748438877977
Atopobium	0.403568671641749	-0.20128321071669	0.0124901493651055	-0.167734126826015	-0.010885112894738	0.0567636588688626	0.400338481375097	-0.128342976538625	0.114043920572648	-0.189471414222491	0.0581443616132176	0.746327975001228	-0.153669815201486	-0.0255071995394321	-0.0847425066028798	-0.0453354072293182	-0.195568964320186	-0.150400905308285	-0.153073249745814	1	-0.0707104152854217	-0.140312344761274	-0.128631562360816	-0.000670527596161544	0.0647850631823721	-0.150127782743558	-0.142722864853672	-0.0907171439783575	0.0453342098308608	0.115060966702547	0.0491823667832017	-0.0935244899801185	-0.179045789093818	-0.0703215566750465	-0.0513412414559209	0.0577900778188109	-0.115470794894715	0.0632920230987793	-0.000819575946428439	-0.00839420250847683	-0.102208806170164	-0.117132206108947	-0.111421443829324	-0.04360892860325	-0.0203817353037121	0.202287754466404	-0.0727410808654509	-0.0848867771508221	0.0734323789207093	-0.0359166769108305	-0.0637939491302709	0.0160359812744056	-0.0591320587652914	-0.0515819003721572	0.0265475098258754	0.00347962920727986	0.0110261995715959	-0.0494491563714323	-0.0576030291024693	-0.00200616670406274	-0.054700271198187	0.0248435235180736	0.527675849909492	0.188233463761473	0.0215679526312689	-0.123830757281336	-0.128832081116972	-0.0474097879728745	-0.0188536493812192	-0.101004189120208	-0.0892394985860585	-0.0827238245998696	0.338973189370064	0.0562618532865278	0.0625134333594348	-0.0941682400771277	0.00641578873973966	-0.0537450269826675	0.0294773619440817	-0.157628155354601	0.0605541778146302	0.102668285735197	-0.0551128927293002	-0.131149961370737
Clostridium	-0.165628557940407	0.20065041603807	-0.146682316155525	-0.0679295495635431	0.253996992026901	-0.102239023802931	-0.184464117806336	-0.185246104415042	-0.184023198838174	0.00159026319232334	0.0105814658070592	0.0183777437663387	0.0602286007118801	-0.0903199025362554	0.302127706521389	-0.06840424630593	0.311804375549449	0.0213536999285231	-0.0885574867543527	-0.0707104152854217	1	0.0336785183986594	0.0493066755760873	-0.0472428395513159	0.199337810647312	0.047985508930279	-0.0866396711502565	0.204653843727097	-0.0663511096549919	0.118907783300154	-1.37430230155373e-05	-0.0511238420108248	0.211290746289511	0.0832802568715427	-0.0302009617153291	0.0480289801764535	-0.125858473679284	0.136088396999089	0.042585553235296	-0.149997901442455	-0.00768176684653421	0.110288508352371	0.0738886673396023	0.148002726666653	0.18279235439879	0.105965227584666	-0.0786836880005094	0.205507979972928	0.110093000489842	0.0580476084837772	-0.131883284092778	-0.0465510357084032	0.187111726148955	-0.128052625150341	-0.10915738284918	0.000798504134603095	0.21198344014538	-0.0743960209517854	-0.106725762013473	0.112315928865937	-0.0704911854259145	0.0121764291315667	-0.0926696831021485	-0.049314683153599	-0.0453402034668435	-0.0318040625477602	-0.11383822730521	-0.0737485945753639	-0.0525691082182402	0.00288642844283992	-0.0174489789697022	-0.00852353830070631	0.297810767939843	-0.0406595161016613	0.183537244511445	0.123986748258966	0.0341404112398418	-0.0776919458304011	-0.0527400252856716	0.00781029288029311	-0.0603303648709606	-0.050865432648101	-0.0672084785674307	0.162880014194561
Lachnospira	-0.227307827576052	0.408516449631039	-0.271651267844292	-0.15165796599407	-0.0227132291508918	-0.207938067658655	-0.319827306491616	-0.199263475784508	-0.211617110247818	0.684623968975508	-0.152172477743528	-0.0867228576154471	0.217754573241115	-0.148131430991542	0.00649818108201926	-0.00533919334958595	0.473074640801438	0.0704119819560286	0.189452437976935	-0.140312344761274	0.0336785183986594	1	0.742399841012729	-0.157797507317989	-0.189993033334211	0.168688183164523	0.508200789648483	0.27268304015445	-0.103334014979254	-0.111713296773149	0.00765969522085626	0.5255320441237	0.121351676909126	0.150548229473728	0.169330280452961	-0.136687191650995	-0.114215763949373	-0.0698015507430276	0.191094091067194	-0.147874890108381	0.279262081228073	0.377401353469926	-0.0545618998580414	0.161921196441196	0.29081590196358	-0.150334898374517	-0.0299651943463863	0.577572703569	0.0175834392575192	-0.0770390123416864	0.0527754167988494	-0.036812226098408	0.281885552936288	-0.0755898038795659	-0.118718335479715	-0.141543056876478	-0.104223274456088	-0.08688871268617	-0.075872526719212	0.0542190805600615	-0.0781272311878963	0.566618637242295	-0.15812260710923	-0.117270654937789	0.12736979167954	0.144632433997989	0.0684849459909652	-0.0820037298151842	-0.0375201635058042	0.577853144180789	-0.101535988924958	-0.0973923024577446	-0.117594485860558	0.0862403048316334	-0.0809018595954404	0.0732925758265691	0.0360380736210801	-0.0810491947744231	0.0103097853094449	0.0147111339791522	-0.0741748485220008	-0.048822866795916	-0.0452009437397429	0.0288614100445987
Coprococcus	-0.207684900314365	0.335989804784615	-0.350023349597849	-0.194923782110509	-0.0576139186473999	-0.205055244770602	-0.173282395774713	-0.222793856530623	-0.196000588701713	0.629536878114107	-0.113155159137721	-0.12665545528567	0.373877717881409	-0.100072144179041	0.212619861733444	0.108722243039024	0.5872082993128	0.114786078743908	0.168080017806973	-0.128631562360816	0.0493066755760873	0.742399841012729	1	-0.193495078252564	-0.219475741583698	0.208104066584694	0.363492836954623	0.507636207807439	-0.112044899435981	-0.0971827924171557	-0.0415393059413588	0.59449244132833	0.1244462904728	0.206321202761725	0.56706927032827	-0.130339517227371	-0.124888116304704	-0.107958571437558	0.602156394080265	-0.210344392168088	0.467307784487467	0.413233355643093	-0.0776920193927577	0.155062924892757	0.572563452601075	-0.0871081013441976	-0.0366276856239407	0.660484240771709	0.0198204775384037	0.0756366861482609	0.0143697660466735	-0.0224705253740926	0.225283452797022	0.0169850950848485	-0.126510985158975	-0.156847588684594	-0.0926967106019352	-0.0325840457515392	-0.0453433619341711	0.108475203977484	-0.00294937027359795	0.463734872980198	-0.15936454490128	-0.0929033839766744	0.405598084945499	0.141305953170073	-0.0443440943612268	-0.0306426217028887	-0.0538388211901902	0.477687450298006	-0.0854124705251593	-0.10945741880589	-0.155674864399513	0.414713029485094	-0.0970164345356961	0.398066324766185	0.249768314230999	-0.0334311536372513	-0.0955405054536551	0.00568503483443007	-0.0661724523532223	-0.0219993822959398	-0.00824564390598459	0.0357120903092284
Corynebacterium	-0.0149135638660205	-0.284224423965153	0.409748662747724	-0.139750430441335	-0.0514754616709825	0.569247996949665	0.00904120018027951	0.256063138558482	0.658084737291654	-0.278474976053214	-0.141509409079559	0.207202505212637	-0.15281988129166	0.0490997025203412	-0.187457715066527	-0.0853980277110158	-0.242733320401459	0.0183843290037299	-0.0532272175887558	-0.000670527596161544	-0.0472428395513159	-0.157797507317989	-0.193495078252564	1	-0.0727473564639845	-0.147880993550982	-0.0545180978057706	-0.256509790316781	0.313026741821252	-0.0627863165670161	0.143136866318175	-0.124126781461633	-0.175122978671634	-0.285843532179194	-0.0770005438335477	-0.0329276946827076	0.266090335104248	0.206398647378359	-0.109801906275459	0.71963939442808	-0.110192594721039	-0.189004919218036	0.311953802181336	-0.112033557537274	-0.132096347741061	-0.0172712460188242	-0.0764432005946347	-0.179639242666448	-0.118918740432842	-0.0901594771361793	0.343281278044873	-0.0794822546442015	0.014060243833214	-0.145335551445651	0.296744310328644	0.0869461289311588	0.030495455546974	0.00816893439753894	-0.0479128995900078	-0.0519281376944828	-0.00410367018872422	-0.0984316547402319	-0.001186834068741	-0.0826406581875309	-0.086412660103004	-0.0768725062446493	-0.0904425279928904	-0.0225368176474362	0.00760850702174555	-0.112933082239741	0.320929525063586	-0.0242019759268217	0.0920397580769816	-0.119172676523509	0.00265999366093246	0.0554917216483974	-0.146704984437971	-0.0236404740248077	0.309193975852636	-0.123101738023063	0.709947949940309	-0.0510793640240068	-0.0189564041176099	-0.0693252160617436
