"","1","2","3","4","5","6","7","9","10","11","12","13","15","16","17","18","19","20","22","23","24","25","26","27","28","30","34","35","36","37","61","62","63","65","85","86","87","88","89","112","113","114","161","162","164","165","166","167","168","169","170","171","172","173","174","175","176","177","179","182","187","188","191","194","196","197","198","201","202","203","204","205","206","207","208","209","210","213","214","215","216","217","218","219","220","221","222","223","224","225"
"1",0,0.539420439944,0.564603436102612,0.597674118103114,0.653600390361782,0.660976627712855,0.625681206876389,0.476992896606156,0.675566768282,0.67104821300072,0.685892566467716,0.661578717836895,0.837971070895764,0.845704060286816,0.844168938347212,0.807932565665688,0.815455368282003,0.809929211448461,0.683426047815194,0.688412201705563,0.716111243670299,0.753626201404104,0.8085078187119,0.774229625223081,0.838942683117289,0.814416039036809,0.744896579694471,0.778238003106521,0.889892025497593,0.786169784036223,0.867757055948938,0.855331370019714,0.830854021362727,0.843642755503474,0.872909698996655,0.832168178888393,0.878594249201278,0.872240096274283,0.880582756149988,0.861951871052453,0.886962625021934,0.886233423170971,0.893562445523596,0.879627428522032,0.905672402804334,0.874239663270282,0.888767774860031,0.848425715943252,0.858460506456482,0.831150238252954,0.912798219738136,0.899499469881895,0.902940814568722,0.906554256187109,0.913984770900215,0.923048208191126,0.893953767037795,0.910011494882041,0.818959731543624,0.797875663855045,0.823409828374839,0.862618389897395,0.856652337307703,0.925289672544081,0.900742644958583,0.741622050366845,0.740055176967153,0.634789604393298,0.7229001226677,0.807978459576277,0.822599264409783,0.853974121996303,0.842258520757647,0.816798277099785,0.854952862412898,0.804781084898258,0.696146187185194,0.781199510403917,0.776375543764042,0.776708109957796,0.827431472601862,0.743082635222121,0.704795424549054,0.800750459593543,0.773816465361655,0.744402392870223,0.777813862856082,0.816677726166777,0.759975703205308,0.743220882720427
"2",0.539420439944,0,0.455641077577476,0.511289111389236,0.5827688973178,0.621392984239959,0.607180186321291,0.401020506402234,0.669689541083092,0.707486319711259,0.742725960907779,0.699174868277165,0.864353976339831,0.864164956513241,0.866965865761772,0.809569325221036,0.828167275834243,0.822916666666667,0.629226728434637,0.635743772902268,0.686508954687741,0.694603831561785,0.74989857683008,0.725554528650647,0.84603365155586,0.809665580165798,0.675877029603173,0.759643760539629,0.893424036281179,0.768359500897831,0.875202475642482,0.870247036039866,0.862284375665507,0.861911788817839,0.884704941552791,0.852763686197197,0.888011269306233,0.885018583817783,0.888358133243152,0.87338205512019,0.897330242939308,0.89431234942914,0.909538758753924,0.892021545194412,0.91709067537893,0.891889203839077,0.901443982604935,0.855425377134543,0.878972808036076,0.846963832355267,0.926718628605799,0.91557447622692,0.91864406779661,0.920315581854043,0.927951522621065,0.933022007791739,0.910585045869339,0.920831900087318,0.841253545859787,0.838808077243048,0.888195676645107,0.906600636378861,0.909366664923383,0.934366988157734,0.914438255483394,0.765475131613741,0.763054232319531,0.765235397806034,0.838942206948577,0.889113180712942,0.869675877830875,0.887642172523962,0.885565739400761,0.860146358462075,0.891994715984148,0.863860822001064,0.789507784362673,0.802446265289158,0.835193650940988,0.830516744289199,0.874645997913251,0.737730620579013,0.75021946509042,0.826823552387462,0.812074054199088,0.816820658611703,0.841444446949034,0.866996664155816,0.794639006786355,0.829896992443908
"3",0.564603436102612,0.455641077577476,0,0.392582923832924,0.609805857189865,0.652311966660052,0.584296532483061,0.505692424999343,0.721365713128221,0.693695554866921,0.713955313261471,0.685273790536948,0.867575288656112,0.858675545689974,0.878174574075432,0.831658477568455,0.830546897137999,0.814889201312178,0.627703114568518,0.602751916757941,0.610322271857052,0.738673723037447,0.822007082835649,0.75580366260467,0.855561604064598,0.793144726866446,0.699322514573814,0.744449064449064,0.883356599968978,0.78602383531961,0.869414806452788,0.869057665260197,0.863535385591876,0.877675840978593,0.877406954394548,0.84565382254162,0.875986384032183,0.879444246526541,0.882609997006884,0.868172302226733,0.90230701576348,0.901705855232826,0.906136396684601,0.895675965027062,0.910580204778157,0.891776865785074,0.894945705112017,0.857250247279921,0.87393541135273,0.858163504333568,0.918689180353091,0.912432819777857,0.914320423038445,0.91062471500228,0.919501677048395,0.926942108862695,0.907482397577615,0.915030764723118,0.838272833470341,0.836755288181642,0.901742359325907,0.90472093773524,0.906162695152013,0.934055372786752,0.912957602588115,0.790374408780734,0.795040655869901,0.811816487390806,0.865227675931401,0.898895325340159,0.870823510283717,0.88922808547754,0.883478558004442,0.864118313145524,0.884499749457157,0.859069058506273,0.824342190537913,0.816118852604333,0.835839813641191,0.845132743362832,0.880464480874317,0.798339438339438,0.791429106774807,0.838445052102579,0.814703868538172,0.834534407234704,0.857063129903811,0.882996038448546,0.813509301323076,0.860752699714464
"4",0.597674118103114,0.511289111389236,0.392582923832924,0,0.571521203475554,0.601141993450332,0.48040049734965,0.548886637046275,0.679982176673722,0.629996270807201,0.640491344711558,0.607286844855906,0.869399260085736,0.86231989521176,0.879028163906684,0.840752044927359,0.838527504706128,0.826431020838829,0.588884114023779,0.546477923828783,0.585912403040038,0.714370853033494,0.846144265697976,0.781844998659158,0.857702851579514,0.809915735841662,0.731336792071826,0.770078354554358,0.880573127048243,0.802334111370457,0.870177324019344,0.867100436076694,0.861173775726235,0.878549493079803,0.877945577763253,0.847788239474152,0.878354747966243,0.879890618426588,0.887609260571699,0.868667917448405,0.899904011429337,0.901811379294612,0.904012588512982,0.898943661971831,0.908512597304763,0.888457228240568,0.897277535228765,0.867231528625287,0.873563705745177,0.865052303068832,0.916153177333384,0.909039627697081,0.913156599395261,0.908450990763722,0.918738724605851,0.925170874323417,0.907410730306836,0.916040254672417,0.846310518945984,0.848430527480072,0.901655331707943,0.906669958731614,0.904815681213197,0.931799178390955,0.915221838425165,0.811303328478562,0.814866296002118,0.837145715238413,0.878100017505981,0.899489152789756,0.876037675606641,0.886513221949605,0.882845889549987,0.866337804507214,0.884025899516433,0.861065243270228,0.839606446488509,0.828104826045992,0.843076404115365,0.855508501358953,0.885100350667761,0.82170804753164,0.815566075159337,0.847797645006542,0.827386449500462,0.841944231972742,0.863302603913958,0.885392373625708,0.823854170069583,0.863755235685582
"5",0.653600390361782,0.5827688973178,0.609805857189865,0.571521203475554,0,0.399186403454042,0.492035296814119,0.589763944990544,0.570885895951409,0.592422943940424,0.600468820021373,0.543719884355927,0.864166666666667,0.858794696160372,0.871835823834424,0.839106342583394,0.836139033547293,0.82486299394289,0.703365862358906,0.716747030459838,0.723784652470872,0.764996342355523,0.83182588495154,0.778486568736466,0.853687778110806,0.811702448337073,0.782978839889409,0.812382999375997,0.883403086581219,0.813235465454969,0.868803670521127,0.862017089902515,0.855647715276731,0.872793153958831,0.877166202747598,0.847816049496722,0.87855651265988,0.877563439420678,0.885463016280165,0.864930345245306,0.898247827591119,0.897127200265692,0.904222387320456,0.892041018166675,0.911602209944751,0.886346104397017,0.895801937567277,0.861727245518939,0.875389408099688,0.852418609427955,0.914336742977756,0.908273711245643,0.913006344558321,0.910923614232857,0.91642091152815,0.925403837722996,0.901822585152296,0.910551817896608,0.839119997133541,0.846536435326069,0.88731613826864,0.895329275380051,0.899231191652938,0.928537787685642,0.911595093820438,0.820268981011295,0.821864691243706,0.823423277312628,0.858763206960845,0.889990721410346,0.85284713245799,0.879343082714281,0.875638116846285,0.856625121541589,0.882271082660729,0.868018299707073,0.82181642111088,0.831267614170126,0.807161561773619,0.846876389506447,0.88114806729164,0.810212914790364,0.814968568378603,0.845501914746688,0.827439284192586,0.83252779120348,0.854610431970956,0.873604753874568,0.820730695505393,0.844515815085158
"6",0.660976627712855,0.621392984239959,0.652311966660052,0.601141993450332,0.399186403454042,0,0.454193580817855,0.605214621059691,0.472555904638699,0.541139403956407,0.559483063849876,0.497959070335712,0.877734907469445,0.873219101582718,0.884008697371022,0.849860502192108,0.853393474189549,0.839304224711147,0.708860185814639,0.720529631057977,0.737043538315444,0.774423719423132,0.850627177700348,0.812940061960724,0.865674734748011,0.831894070236039,0.793113439899551,0.827270301520946,0.895846843544704,0.830218028815504,0.886698976844373,0.880846821794905,0.872969136127031,0.882713548364367,0.893769258891732,0.865025421461065,0.896147026540204,0.893348168163395,0.897282369050106,0.880160174736076,0.90618636851653,0.903729810211274,0.91410976954312,0.901212331139591,0.924273075877895,0.897041255729963,0.906626022781967,0.878640498941466,0.894910088387687,0.865300814492026,0.92729413083693,0.919657346564154,0.922053787134627,0.922489793503343,0.928865593410708,0.935198054204309,0.913130223779995,0.922549895740244,0.854659673090998,0.855377496896513,0.890392197551359,0.902916755375772,0.910226638055204,0.938201023630622,0.92147320971212,0.845462328767123,0.845541441647017,0.840140195535879,0.870433803075933,0.897538797592136,0.865523176103381,0.894791129448169,0.890604696140945,0.873576837875432,0.894430071073839,0.881585663245052,0.824926430969453,0.847737711842036,0.802366863905325,0.85822301612548,0.890649718298132,0.826897627841751,0.831668013095795,0.859121961840995,0.846340061125064,0.846421144075605,0.861285500747384,0.88281804838786,0.83050507079024,0.835969995378435
"7",0.625681206876389,0.607180186321291,0.584296532483061,0.48040049734965,0.492035296814119,0.454193580817855,0,0.575246198321856,0.493349678210236,0.450546830765563,0.473874751975493,0.431989107883817,0.876069048743376,0.871607912756784,0.887815079801871,0.853737643007886,0.851462774079277,0.838432011166686,0.659335300911074,0.649629410020753,0.671398634489285,0.753704180300746,0.863654637695032,0.81612179865455,0.869578334222924,0.824311073541843,0.796353002841458,0.816342248984736,0.894462411721999,0.82496328928047,0.881720093823299,0.879407659161255,0.875277583427129,0.882911515057556,0.889643514745389,0.859649122807018,0.888098531252058,0.889270807758409,0.89589705727244,0.876637069922308,0.907075751683484,0.905958992775713,0.909936918368622,0.898426848453068,0.912785290119482,0.893220888744729,0.900350572394751,0.870690523347544,0.882727437149575,0.861376920291729,0.92055845049651,0.913520848754009,0.915882099563104,0.913887627893983,0.921171933148386,0.926934731537912,0.906092404072044,0.91409963034677,0.856372389329279,0.853099507909772,0.891458454386984,0.901761747554843,0.906356137797186,0.932461114454969,0.9149915877092,0.833100493620192,0.833294433422803,0.832725048424916,0.865967548390463,0.894696836812255,0.863030636076384,0.891246595150822,0.886557330086658,0.87301304334908,0.889466657297449,0.871167070861433,0.827612615748799,0.839043922119999,0.806616229046136,0.850092431796538,0.884857124343938,0.825752243533345,0.830057554987701,0.853876361793767,0.835664586471559,0.841082200962769,0.859270907791279,0.878307306416377,0.823079807331776,0.838334018358679
"9",0.476992896606156,0.401020506402234,0.505692424999343,0.548886637046275,0.589763944990544,0.605214621059691,0.575246198321856,0,0.628028837700018,0.654356106262957,0.672814580377606,0.641193614112914,0.848836956757813,0.850008867718969,0.851471415182755,0.790442009822441,0.81043003614369,0.802046652329071,0.701130304969077,0.698667626935542,0.751219642238277,0.756558573881232,0.762134308510638,0.722218236602339,0.83205268935236,0.79648,0.702494680128582,0.763325933843076,0.885473618123316,0.757141155449672,0.864110275689223,0.857090437633015,0.843423697240061,0.848169738102038,0.875188775758757,0.83683030152006,0.877569141573738,0.874102051395986,0.880302732884032,0.859843056977141,0.88475221020746,0.884627098299862,0.902821238140536,0.885770107456854,0.912539368432788,0.883318281512063,0.892823347776284,0.846104894734051,0.865504638740512,0.831641304114529,0.915604349862116,0.905078192768098,0.908971726816237,0.914173185274329,0.920017074407064,0.926694551694552,0.903638644918444,0.91345995045417,0.826901440144014,0.8194429902628,0.859195289499509,0.884470448234827,0.884716822099568,0.926516762888686,0.904076164960291,0.746163045644808,0.745882798985806,0.715148323679129,0.788624916232517,0.854691319930692,0.839907129937097,0.868780202856991,0.858804496387827,0.825309027944784,0.868854261137219,0.829064324409615,0.735327557141177,0.779538408542887,0.795291856834014,0.791000985628166,0.843520404217473,0.716495907396655,0.725089361018515,0.801017695754538,0.780824978356187,0.777112425454635,0.805641025641026,0.837296120172437,0.760024415438069,0.771933986241486
"10",0.675566768282,0.669689541083092,0.721365713128221,0.679982176673722,0.570885895951409,0.472555904638699,0.493349678210236,0.628028837700018,0,0.432706766917293,0.531475029036005,0.484935024683979,0.893175187353407,0.893169381036475,0.896197362254804,0.863493882503623,0.876011812445559,0.863152060109626,0.760096081669419,0.770378540361684,0.796397093989843,0.809636064667278,0.862285525406412,0.838722389297936,0.882189013132685,0.863547314228439,0.836589417068734,0.865133956676848,0.916593837535014,0.859094949662002,0.902544386366582,0.899274488651987,0.891643359606746,0.893060295790671,0.908328416083621,0.882694291609354,0.915012642932265,0.908243972115036,0.909851283327272,0.898576335802077,0.915637860082305,0.913432020187409,0.930477937210055,0.915712025618055,0.937128935354921,0.915620224569796,0.923146318412235,0.901387377584331,0.91212352268395,0.881900016984657,0.939245249353198,0.932487646266071,0.935120128136679,0.935800744878957,0.940976732526606,0.945713370256786,0.926613042726172,0.935686201085939,0.885673420738975,0.879332765346845,0.896456720373858,0.913553301664741,0.918336151191607,0.948790586184354,0.932824364134268,0.861090815317832,0.863289368093994,0.841213230652695,0.880661640427673,0.907766490139916,0.887750638826861,0.912301407172038,0.909630997183365,0.892955398082534,0.909687974757509,0.899558797046641,0.838047794886086,0.867729591836735,0.830015824102607,0.873143428285857,0.904490030759698,0.830832789736899,0.846287992027902,0.881304603586135,0.870015401018837,0.864715240216354,0.876546715891111,0.893540856031128,0.852553373882516,0.836431454078513
"11",0.67104821300072,0.707486319711259,0.693695554866921,0.629996270807201,0.592422943940424,0.541139403956407,0.450546830765563,0.654356106262957,0.432706766917293,0,0.346612681657147,0.359768995735822,0.883248319974091,0.878736179008498,0.892425608656447,0.862980659840728,0.859537262081374,0.846832518080605,0.743641160949868,0.727169753558855,0.750780126924021,0.823223895149345,0.875669337502443,0.829774271179212,0.877742349973826,0.841248684672045,0.836573442473852,0.845303465580567,0.896432602524199,0.844474761255116,0.883079909414429,0.880773934585594,0.878521126760563,0.891604171201298,0.889533433133733,0.861978163134232,0.891129995563291,0.893016910434976,0.900268591117502,0.884203002144389,0.911868095078674,0.912063037861154,0.91394514972381,0.905327039784221,0.917735877124475,0.898672938014446,0.905351642710472,0.88204985378081,0.889841986455982,0.873673572511369,0.921692474870959,0.915367199209158,0.918249196806311,0.915058755258958,0.922437089811533,0.92771850491062,0.906092028515878,0.914630577907827,0.863188012950832,0.859998630793455,0.890371782650143,0.898870669303898,0.902911223865558,0.9354796406793,0.916133357713171,0.847620882296282,0.852458522778597,0.845852438516048,0.869972363089968,0.893726803657101,0.865958432854444,0.890625,0.893228100219649,0.882916053019146,0.89152096944921,0.877806860449098,0.831572434799162,0.850499178566915,0.803063725490196,0.860149551058117,0.890741921412033,0.834996283700083,0.848608116055675,0.863327980072761,0.843606667412462,0.84557735302453,0.867708640519021,0.882205931356215,0.838183657680176,0.829375549692172
"12",0.685892566467716,0.742725960907779,0.713955313261471,0.640491344711558,0.600468820021373,0.559483063849876,0.473874751975493,0.672814580377606,0.531475029036005,0.346612681657147,0,0.313669699034184,0.895912857275859,0.886311357167921,0.903668100177081,0.882464212678937,0.865703325760679,0.86080791773418,0.78500151194436,0.768061792707024,0.767422227850239,0.854524462404387,0.899266292619767,0.852912812087009,0.892085170448435,0.849662162162162,0.858074718323779,0.857073536547708,0.899291186954562,0.857929319836619,0.886656441717791,0.884326841346687,0.880865890725777,0.90150305204892,0.8955717118308,0.86735081717978,0.896530587225696,0.89448836599348,0.905710449904774,0.891856029192237,0.920441320236488,0.920712397914236,0.910743675125349,0.910621801829741,0.914774015141212,0.901263284539804,0.905307920115423,0.887921653971708,0.88983908045977,0.889048243874157,0.918352425054838,0.9139055373365,0.917615665050551,0.91267258816287,0.919114228965051,0.92426307718521,0.909028044563965,0.914171479342514,0.860850358917725,0.861384514435696,0.895125235658497,0.897495851561322,0.897295178361427,0.938064817700218,0.921383647798742,0.856437148502812,0.859835805644621,0.857891077636153,0.87095779771263,0.890219349369503,0.861504672494725,0.888348292928446,0.887885252598611,0.884158201858656,0.889396020738246,0.872593571841692,0.83954401247513,0.855864588770412,0.812010068320748,0.86298520481766,0.889071322734372,0.855796204099169,0.859302907332259,0.866048829874226,0.839450584436258,0.843651353659895,0.864374140302614,0.882560451542557,0.84070058381985,0.85149785388734
"13",0.661578717836895,0.699174868277165,0.685273790536948,0.607286844855906,0.543719884355927,0.497959070335712,0.431989107883817,0.641193614112914,0.484935024683979,0.359768995735822,0.313669699034184,0,0.879920801304449,0.867338854879366,0.886293246260594,0.862321476200868,0.846679552671545,0.838570588619586,0.7584041374215,0.745092802777407,0.747404308073764,0.829369469026549,0.878252615505252,0.829271531974235,0.873388101838899,0.826673384752529,0.829037721324095,0.830254134731747,0.888645958986731,0.831285506671951,0.873054147016063,0.870459218642906,0.866318430186604,0.886844526218951,0.880020439448135,0.851711160353136,0.884326113116727,0.882332523429365,0.89311859443631,0.873675075931321,0.90666104740146,0.906300997280145,0.906612857547437,0.901239597276378,0.911000827129859,0.89436723832052,0.897677360413226,0.873457620603498,0.877340706296343,0.867878023615729,0.913908523131007,0.908342059336824,0.912768031189084,0.911354221131802,0.916304685076016,0.92170957534086,0.90444389186885,0.908245706629857,0.854944870666164,0.850292397660819,0.886117551145194,0.893145231693264,0.893939393939394,0.930126290792646,0.913303437967115,0.836410310510954,0.838174545931414,0.841797177000729,0.862962962962963,0.885055205047319,0.850682661194854,0.878519431498671,0.876531964226565,0.87417595288291,0.876377187297472,0.867740342614046,0.82602060282335,0.84016860726255,0.787711736995089,0.85316963167126,0.882769821349476,0.829743343727513,0.840573243392215,0.848643982447306,0.825369172059068,0.83076287524098,0.853594436075767,0.873104525117857,0.821859727481632,0.835330416957248
"15",0.837971070895764,0.864353976339831,0.867575288656112,0.869399260085736,0.864166666666667,0.877734907469445,0.876069048743376,0.848836956757813,0.893175187353407,0.883248319974091,0.895912857275859,0.879920801304449,0,0.57425799086758,0.51828458126367,0.678547133639793,0.666243584791126,0.654365959244008,0.867030922493582,0.860044055230215,0.875642343268243,0.889556776177151,0.80416644237498,0.759815983738098,0.672784253117823,0.77629947688307,0.834042017863882,0.822707423580786,0.798508787502219,0.764182602674053,0.802768458740943,0.808888888888889,0.791800709395364,0.824458238048568,0.845952218430034,0.803534914988376,0.850924339968106,0.832261640798226,0.869290197971994,0.809894779441522,0.866750711516054,0.8405137186223,0.884734500816487,0.874435584590258,0.900476947535771,0.864942026452252,0.883735900808867,0.843112513144059,0.860505442985132,0.850671220530335,0.907612690758329,0.895267260579065,0.895605311406189,0.901720972209255,0.908150299509893,0.91140049289561,0.893453036334378,0.899815052819661,0.871027857211708,0.8680088823094,0.85051912039724,0.88308686328571,0.870355486862442,0.777029917576933,0.769739130434783,0.783851905788781,0.785820184263476,0.804533602329609,0.862730098015778,0.852527717362474,0.801668097632773,0.790389071104023,0.755903507096938,0.761849648749764,0.795982226672508,0.797898621900765,0.803928303101857,0.732858365780245,0.838283917099003,0.815755905913567,0.826552587160235,0.829942810457516,0.798849434635985,0.788207116788321,0.82382561030021,0.804669860675147,0.828598164851447,0.844872205654006,0.801923127308932,0.834508783820916
"16",0.845704060286816,0.864164956513241,0.858675545689974,0.86231989521176,0.858794696160372,0.873219101582718,0.871607912756784,0.850008867718969,0.893169381036475,0.878736179008498,0.886311357167921,0.867338854879366,0.57425799086758,0,0.615037665005785,0.688628180365787,0.651745988944317,0.640625998083679,0.860729512079583,0.853908390969594,0.866530858608722,0.89041309431021,0.7693105763167,0.723567209709872,0.697098443006023,0.698833830244933,0.817189713906726,0.791571843364985,0.808330884513664,0.742477076068707,0.823926359137627,0.81383049939751,0.807484477261285,0.838183167092573,0.82363315696649,0.808974491022076,0.834799179126356,0.832237511014709,0.872295241921598,0.807900006067593,0.866008431813714,0.855498036415566,0.88218629076838,0.888198049170042,0.903280270139894,0.871648890170078,0.887017664208541,0.842012653962787,0.851345300606505,0.8433741710689,0.909750318935666,0.89708989300075,0.90368406742795,0.905708361046989,0.911178247734139,0.916936066633705,0.897736333067563,0.909503691712402,0.8649232147949,0.864563802801368,0.852204170525947,0.874134933351515,0.866232153941651,0.832988170872969,0.833771630791208,0.773246833487797,0.77972946983781,0.829442861183023,0.877467665078285,0.872654844512979,0.77962977187188,0.806444352751416,0.761107533805538,0.800189672651166,0.814528837062717,0.812160011841764,0.821049211466847,0.740881946084551,0.829300943611846,0.823810691515449,0.825320282136174,0.82758457981409,0.802758087382395,0.786862235946382,0.809304950814385,0.808902635825713,0.833589365771076,0.85734874555134,0.795904155983921,0.84892221180881
"17",0.844168938347212,0.866965865761772,0.878174574075432,0.879028163906684,0.871835823834424,0.884008697371022,0.887815079801871,0.851471415182755,0.896197362254804,0.892425608656447,0.903668100177081,0.886293246260594,0.51828458126367,0.615037665005785,0,0.718657064029525,0.723483891708191,0.69980748379102,0.870438836199968,0.868951114903555,0.888385451484315,0.890001687090689,0.804784415749231,0.779841145542007,0.690095372397669,0.801921838624994,0.841537022868316,0.832956537201209,0.812674857073349,0.781196352529374,0.84085277479078,0.845327604726101,0.832402234636871,0.829052159282109,0.859965401074388,0.823753720238095,0.867424518448347,0.853181828658354,0.879984402897777,0.827935870887859,0.866979550787798,0.853314479445287,0.895995329830706,0.890239666550886,0.916763423381583,0.88456272668316,0.899944232735384,0.866081986598344,0.875260091552226,0.860639996765651,0.919014425404202,0.90630855715178,0.909340722780279,0.917292089249493,0.922400336958946,0.927017473988151,0.909754727579105,0.917720873291165,0.885766328389279,0.879460591013096,0.865980530578881,0.897810894617485,0.888140807423658,0.820061364172764,0.80882682064366,0.808713442135119,0.810909736240822,0.81920866194359,0.870443861041578,0.873536403830345,0.83271124026153,0.830241736556487,0.809651682201967,0.811605937921727,0.839042404176748,0.837179737922942,0.822348400504713,0.778998161764706,0.859171384919565,0.832749166756263,0.848136504355756,0.847335027636092,0.806477333130838,0.815097099978763,0.843143337210805,0.822578796561605,0.847787146664337,0.854928989139515,0.819061441702951,0.84932790487269
"18",0.807932565665688,0.809569325221036,0.831658477568455,0.840752044927359,0.839106342583394,0.849860502192108,0.853737643007886,0.790442009822441,0.863493882503623,0.862980659840728,0.882464212678937,0.862321476200868,0.678547133639793,0.688628180365787,0.718657064029525,0,0.554834372609472,0.53900091556687,0.839782811297054,0.836865127031253,0.867330348432927,0.859394051642975,0.671776202337613,0.656813819577735,0.744222571236258,0.737239791833467,0.770035590240556,0.771645660600149,0.854380144980956,0.661814008955291,0.814624244712991,0.817842065194823,0.81690010631905,0.80585531091217,0.842975966178025,0.812808113056951,0.846708702372482,0.843823440444889,0.871473808390422,0.82740723192557,0.830582278481013,0.835332063753496,0.889001532476718,0.877320585993036,0.904190679844577,0.877835189093467,0.889269459954019,0.832462296550694,0.859193438140807,0.818585784463605,0.911064391531805,0.898731812130696,0.900454598438046,0.909659236484755,0.913594152837226,0.917060657881501,0.894134883501111,0.904582710448992,0.866649132035771,0.855674665617624,0.841551536935116,0.882160545743388,0.880500420414299,0.841992373689228,0.833529092880376,0.738944700028166,0.738789764713784,0.769945152932467,0.844726742873561,0.868875983766452,0.797716975878914,0.811612260154498,0.773637099089225,0.759727582292849,0.817063440998585,0.792907591248086,0.760704536105606,0.70336348874971,0.816817089210395,0.749126803340926,0.798104655953852,0.736792165708864,0.710213140473731,0.699921370535395,0.74536903984324,0.7555941224112,0.781696349850115,0.735833157783863,0.712497780933783,0.781023322382331
"19",0.815455368282003,0.828167275834243,0.830546897137999,0.838527504706128,0.836139033547293,0.853393474189549,0.851462774079277,0.81043003614369,0.876011812445559,0.859537262081374,0.865703325760679,0.846679552671545,0.666243584791126,0.651745988944317,0.723483891708191,0.554834372609472,0,0.591043307086614,0.84086926042762,0.829471965844164,0.847708408516781,0.872815201249,0.723703806668123,0.671226886556722,0.764794370981439,0.753853929744756,0.756378552933989,0.722946642685851,0.850629705199465,0.647603655125256,0.826240074421077,0.833322607632409,0.815917669451882,0.841732695169529,0.859469490928871,0.817666260015167,0.849069849069849,0.85319786374886,0.873557478917,0.816941810092495,0.844107192269215,0.840106045460472,0.882306110263385,0.879825722479594,0.905130761561469,0.869655315327761,0.887142998319992,0.82603088166804,0.842213512359812,0.835553139440065,0.907183014980619,0.897210946706822,0.899562463266506,0.901124771122155,0.906437396141897,0.911547554100746,0.892242670305168,0.90433110935203,0.845753562968428,0.846354258352991,0.859486257260201,0.884591452431636,0.876269552969086,0.872419251625072,0.851763897134644,0.684588758859403,0.690185185185185,0.761877504293074,0.835701354983817,0.852149706155274,0.794199706314244,0.80840601557733,0.760767754318618,0.758157389635317,0.802226735876025,0.762692648361382,0.747749496518089,0.663045945332512,0.813000722611455,0.745048187784544,0.776681614349776,0.782233642286868,0.698727404555342,0.65030303030303,0.711297392909329,0.714987397401926,0.760355297743134,0.774267776483623,0.681780759262083,0.813763536989252
"20",0.809929211448461,0.822916666666667,0.814889201312178,0.826431020838829,0.82486299394289,0.839304224711147,0.838432011166686,0.802046652329071,0.863152060109626,0.846832518080605,0.86080791773418,0.838570588619586,0.654365959244008,0.640625998083679,0.69980748379102,0.53900091556687,0.591043307086614,0,0.8310397356123,0.823799856699307,0.843826655764514,0.866442655638431,0.741158823868772,0.683760175886862,0.720792402641342,0.694079956375038,0.792975149243371,0.777903282739146,0.806704802447785,0.678968535604448,0.784442834189219,0.787713936430318,0.790434755966788,0.802406167263666,0.819851041191671,0.790309968408871,0.812159830080977,0.816259659969088,0.855293181215176,0.806792157738926,0.856857865619151,0.846328157784305,0.872908015603372,0.86614256318261,0.886219336219336,0.856190351679958,0.86924591393481,0.800913551006598,0.827368574659808,0.808284762697752,0.892929092770567,0.880832556694626,0.879571092103632,0.888392071260078,0.894830173236939,0.895939870268044,0.87529582531318,0.887543928153065,0.843390647245647,0.837510401065069,0.845294571288355,0.870093545078783,0.868763102725367,0.820955542080235,0.801396938623867,0.734684304343747,0.741437048352036,0.790457069103276,0.848818897637795,0.864594371835629,0.775569558894813,0.797444327695489,0.765202946699408,0.766089219998205,0.804874592603089,0.784243479425453,0.780142340450356,0.672936612997568,0.809626243613875,0.776305402052554,0.808957952468007,0.784965730709706,0.764067340714234,0.751260289707102,0.762297453703704,0.774149993862772,0.808065398232636,0.824118557120756,0.745273978569562,0.820012190566075
"22",0.683426047815194,0.629226728434637,0.627703114568518,0.588884114023779,0.703365862358906,0.708860185814639,0.659335300911074,0.701130304969077,0.760096081669419,0.743641160949868,0.78500151194436,0.7584041374215,0.867030922493582,0.860729512079583,0.870438836199968,0.839782811297054,0.84086926042762,0.8310397356123,0,0.370892758647861,0.478617112204898,0.528166016921741,0.834211177489484,0.793121485549889,0.849390732386052,0.817972757827702,0.739850216791486,0.794329473972103,0.892163371337855,0.801682598390332,0.873671457679388,0.869962731586991,0.865111779879622,0.867405487532398,0.878736122971819,0.849458246689285,0.88250885937365,0.88084599344653,0.885537180306149,0.866775623405889,0.89484962406015,0.893064303080192,0.90919840505981,0.902596332650707,0.920178344737901,0.897535041082649,0.903543307086614,0.871850462908707,0.880955358259347,0.862261387151526,0.922481064952949,0.914706122337966,0.916460849504682,0.918374772589448,0.924721984602224,0.929999406774634,0.910609904047645,0.921094417979724,0.86124491710979,0.854254520247242,0.900312447221753,0.909724111661316,0.908907431394403,0.935505430242272,0.916278583015018,0.827542813371998,0.826613842927057,0.844084813066607,0.886918012043958,0.903603206308854,0.875549179592935,0.89618544600939,0.888561777557408,0.876894736842105,0.89519890260631,0.880153292300546,0.850775847529094,0.834862385321101,0.860334314550042,0.874641028842552,0.896219716549746,0.848455036440661,0.830751254976631,0.855007099306774,0.849806051202483,0.854056235705637,0.873187852891805,0.887687107677451,0.831701440508535,0.871347139043221
"23",0.688412201705563,0.635743772902268,0.602751916757941,0.546477923828783,0.716747030459838,0.720529631057977,0.649629410020753,0.698667626935542,0.770378540361684,0.727169753558855,0.768061792707024,0.745092802777407,0.860044055230215,0.853908390969594,0.868951114903555,0.836865127031253,0.829471965844164,0.823799856699307,0.370892758647861,0,0.40440510211194,0.602810899712182,0.834602574839803,0.783575757575758,0.848148060380578,0.812781089844159,0.718188760358628,0.760841283607979,0.882760965657939,0.787984800048254,0.865135282952096,0.864574886158069,0.863168756449142,0.868743837507395,0.875174488941279,0.846070322230384,0.873515640903847,0.872459926795406,0.885342406567293,0.859337657903721,0.89008652142187,0.892004595549126,0.902923225184709,0.898625429553265,0.914197029044417,0.893379651279311,0.901662359209981,0.85721701214659,0.866257989758158,0.855085508550855,0.918368724891125,0.910376760116707,0.911167352103765,0.911047035501892,0.919067885299658,0.925137820850451,0.906228853156318,0.916839312325083,0.84888722648214,0.841494538401334,0.903401134502646,0.907865097242933,0.909019383448966,0.931931540342298,0.914572407311971,0.825920367827836,0.826982985861491,0.849105974705626,0.889696063244485,0.904004322507054,0.878897392290249,0.890379615184607,0.881778501146704,0.876270410499008,0.892419296336598,0.871546441165394,0.854965992843093,0.831704634721131,0.860482125986652,0.872163171502442,0.892907186228064,0.856636453378803,0.829921182987238,0.845065832355625,0.841200444609114,0.846288756655183,0.868497491418009,0.886914467320713,0.821190680600373,0.874863050536842
"24",0.716111243670299,0.686508954687741,0.610322271857052,0.585912403040038,0.723784652470872,0.737043538315444,0.671398634489285,0.751219642238277,0.796397093989843,0.750780126924021,0.767422227850239,0.747404308073764,0.875642343268243,0.866530858608722,0.888385451484315,0.867330348432927,0.847708408516781,0.843826655764514,0.478617112204898,0.40440510211194,0,0.677039017867996,0.871437954193945,0.820557249792071,0.870818552095651,0.827539834549085,0.765802710409124,0.789697381842911,0.884746299374654,0.820431515819949,0.878985856936041,0.876423812594025,0.87721378022057,0.889962633681227,0.88217705478233,0.853362287901653,0.882195025661271,0.880572092347902,0.892361955728533,0.873371177912527,0.907167796262066,0.905921881562369,0.911509671681613,0.906778637022716,0.916484859062745,0.897960766069629,0.903445232930103,0.871126732113279,0.880932372064222,0.872256913470116,0.922753856419516,0.915145319117862,0.91553193038666,0.914240921994831,0.921702960606802,0.926361208136429,0.91200862806352,0.918695707989217,0.854101190739675,0.847640930158856,0.912606280765485,0.911963470319635,0.908388613653539,0.934642493686631,0.91977256180009,0.844047838086477,0.848153214774282,0.869844804471813,0.899813802630789,0.911004456633528,0.880897009966777,0.896198534472289,0.892005242463958,0.88700604451277,0.896183727482285,0.88294434470377,0.87233595248732,0.850366677504425,0.858941714046531,0.883193112893759,0.898025551684088,0.875531809636885,0.857697423785867,0.858779201205727,0.853716186640987,0.86381631037213,0.880690737833595,0.899129240660404,0.842686013160115,0.892437631630371
"25",0.753626201404104,0.694603831561785,0.738673723037447,0.714370853033494,0.764996342355523,0.774423719423132,0.753704180300746,0.756558573881232,0.809636064667278,0.823223895149345,0.854524462404387,0.829369469026549,0.889556776177151,0.89041309431021,0.890001687090689,0.859394051642975,0.872815201249,0.866442655638431,0.528166016921741,0.602810899712182,0.677039017867996,0,0.844023829692686,0.832265036893493,0.874751459430226,0.865980425928553,0.789701026327532,0.843483657426562,0.918966412396661,0.83966856166165,0.904311027806226,0.899981035463683,0.896066402020931,0.883661632435765,0.908401852376902,0.886920220849926,0.914522755374736,0.910809778456837,0.911334488734835,0.896230471549377,0.909256480118893,0.909590660558593,0.933356500250975,0.922542993300642,0.941504294992667,0.922578350393234,0.927743275202369,0.903762735801473,0.91223297695114,0.88590397316998,0.943924118594524,0.93551724137931,0.938788783044493,0.941255447916882,0.946325049661491,0.949823997395568,0.9338117251117,0.943919802411739,0.889964770162226,0.888882229547498,0.917166924093565,0.93078736083699,0.933950236479539,0.950801472449993,0.935103904575529,0.865812606997903,0.862502775105454,0.863791575245928,0.907485802787816,0.924419250861398,0.90755133764215,0.919091955648012,0.911953377216888,0.898265117062489,0.922177536382105,0.89867072999579,0.869402688300326,0.871144724058446,0.883547428058563,0.897617073434515,0.921527585798349,0.866768853464132,0.852098168664536,0.884055148777068,0.882496118175333,0.881934674322218,0.893189165494694,0.908747119765008,0.86379414843793,0.882572069593193
"26",0.8085078187119,0.74989857683008,0.822007082835649,0.846144265697976,0.83182588495154,0.850627177700348,0.863654637695032,0.762134308510638,0.862285525406412,0.875669337502443,0.899266292619767,0.878252615505252,0.80416644237498,0.7693105763167,0.804784415749231,0.671776202337613,0.723703806668123,0.741158823868772,0.834211177489484,0.834602574839803,0.871437954193945,0.844023829692686,0,0.509290360159208,0.780871112282551,0.720734084936848,0.715383758493929,0.751781189769799,0.881289783992487,0.613959700365832,0.870896184560781,0.864061542112445,0.854573545141227,0.844108935924294,0.886721059477356,0.860411899313501,0.899330957293816,0.88871844930972,0.895168986441471,0.868339142266043,0.881450278321047,0.87631856137512,0.911433464289312,0.898122074148476,0.925560164153883,0.899180480151931,0.909601572844361,0.837137673515885,0.86831057492598,0.821709696334334,0.929809250716868,0.920378919599496,0.922977152549137,0.928172972972973,0.932585698840389,0.938489698620807,0.920020993984416,0.928028162892781,0.872723253757737,0.868119936523845,0.879745374187803,0.905965136734368,0.912540082208879,0.919235461569744,0.902703332556514,0.716281310211946,0.706411763572241,0.758798643823697,0.866588020805405,0.894015708523901,0.86030088381947,0.869102428722281,0.853224708491623,0.837370782133801,0.883103635377103,0.840591859831496,0.771803235478238,0.730339757599841,0.841225301063954,0.788727375035168,0.837702922915077,0.699954024446312,0.724674713377938,0.747870458842424,0.794790636333663,0.789590562109646,0.817524910625998,0.837849698299506,0.742598117971081,0.809856489971764
"27",0.774229625223081,0.725554528650647,0.75580366260467,0.781844998659158,0.778486568736466,0.812940061960724,0.81612179865455,0.722218236602339,0.838722389297936,0.829774271179212,0.852912812087009,0.829271531974235,0.759815983738098,0.723567209709872,0.779841145542007,0.656813819577735,0.671226886556722,0.683760175886862,0.793121485549889,0.783575757575758,0.820557249792071,0.832265036893493,0.509290360159208,0,0.754443946082482,0.66108511007107,0.681409949604437,0.665085866206797,0.839104558366022,0.531752701080432,0.824611937910066,0.825223435948361,0.822356345082911,0.832481522251926,0.851476897435106,0.811914217633042,0.85193683358078,0.84881019652163,0.861859439694574,0.829283489096573,0.86315373906539,0.856585531337461,0.886488559376198,0.87928361400695,0.898545401116662,0.868837209302326,0.883503158429356,0.804810901958085,0.831320824818874,0.805619991564741,0.906053789074304,0.896889001072758,0.900415460153594,0.902031748306876,0.907173581240461,0.916692852903181,0.897098894053534,0.901499548328817,0.832843811577499,0.827405326745406,0.873838515190921,0.892175120734825,0.886715972123453,0.892855984693712,0.871851337898579,0.650201708967314,0.653848446908722,0.754734554486184,0.853951707265185,0.886067630541283,0.822447685478757,0.827696762850346,0.802250330931019,0.79323959060953,0.843934804557911,0.803820094651187,0.748341556693973,0.669740832213087,0.80579226686884,0.750028594304015,0.792142288293071,0.674162829167971,0.703230197117371,0.679958503533683,0.728123158515027,0.75215006855291,0.783501241057089,0.813244559385919,0.693821631654931,0.804539046522249
