"","1","2","3","4","5","6","7","9","10","11","12","13","15","16","17","18","19","20","22","23","24","25","26","27","28","30","34","35","36","37","61","62","63","65","85","86","87","88","89","112","113","114","161","162","164","165","166","167","168","169","170","171","172","173","174","175","176","177","179","182","187","188","191","194","196","197","198","201","202","203","204","205","206","207","208","209","210","213","214","215","216","217","218","219","220","221","222","223","224","225"
"1",0,0.457451870047894,0.501634449429156,0.515296729515962,0.502336107094638,0.490844089895047,0.494540136841355,0.443150892683207,0.474608396976644,0.511913286376216,0.536379556191638,0.522384980958943,0.557955314084619,0.567795135306016,0.527796892627325,0.528957279935185,0.55957032012988,0.535456888892419,0.49362392494308,0.50724671912051,0.537912827733688,0.506698992265845,0.517019103465221,0.529939339696716,0.541908511134703,0.554550624651321,0.530224243297424,0.559003036575495,0.584165758070438,0.534760370906313,0.593353438177479,0.571657829090312,0.578138340619309,0.537434005692996,0.576066395177904,0.553116906953517,0.586957050959907,0.582422004213244,0.571050599281796,0.562148570351237,0.540237748461475,0.555893543102744,0.62568703537434,0.606312902472693,0.663235858041853,0.623076110380625,0.631621915999772,0.603972832808743,0.61196697059295,0.574464543725909,0.654239951768132,0.632672806468513,0.641483292099656,0.652448624057414,0.660243962213095,0.672243311379766,0.638711965696193,0.661472149727986,0.588074470881449,0.585917529373282,0.58335188788581,0.618877512977254,0.638291469418198,0.662304015767141,0.626693604348419,0.550187674920117,0.542693614032682,0.509580574150212,0.561978033115024,0.592830544736123,0.592766621094285,0.602591123486418,0.621658461505552,0.591534892513862,0.610723028042128,0.58151025000948,0.517271564291199,0.561113366925802,0.56583020851925,0.567748315820773,0.610866679625963,0.549284140787098,0.517264755104007,0.566138136380987,0.563536522559587,0.552351803000653,0.562032190625674,0.564711890160457,0.541919519555172,0.527548289129116
"2",0.457451870047894,0,0.459365095914467,0.488941490049847,0.493726424257131,0.492228689459238,0.494921755205389,0.424175893872158,0.492217472630378,0.538214631110562,0.56615796428418,0.543502393159129,0.564779638630281,0.579361136549992,0.545046768178544,0.529710658006001,0.553542937510915,0.538687570045024,0.487770943256334,0.489049202719899,0.517731865828995,0.488227181995178,0.498100848360234,0.513769698368506,0.538206698835197,0.547038150323684,0.51686012120678,0.53204430049902,0.584533820129359,0.519463377186857,0.591820082069299,0.577533213139074,0.595894151596806,0.544157101762822,0.592139395345345,0.56720420164127,0.590184868895183,0.591049878540197,0.573611650601511,0.563844678310967,0.558686127377656,0.556248674576382,0.638753223833796,0.622995783994122,0.662997608967151,0.62917741434636,0.635814309738617,0.600884748733713,0.614287039777277,0.578788638653066,0.67234235316127,0.645456511738944,0.651264038321996,0.659901063005187,0.673916361196069,0.675134238843008,0.648551112162149,0.666217381968369,0.612408769438711,0.607271812780807,0.613111657468748,0.649286646227079,0.664329109332298,0.675085883329475,0.640660953886121,0.552179919353701,0.545893284816229,0.536325237465129,0.598960262719691,0.636053001965384,0.612581351401151,0.62441863037642,0.636522580771208,0.61119396414331,0.618291602200693,0.608284078111679,0.548792879822929,0.565381435463193,0.596456903304031,0.589944990522056,0.62726527154466,0.563905339691117,0.525514930780671,0.570874018403537,0.575671184454579,0.570244136865887,0.575646491181797,0.590022218024849,0.552947202025668,0.56253368594727
"3",0.501634449429156,0.459365095914467,0,0.471634287915273,0.514409163962286,0.510537915384078,0.502408887289932,0.481285675546274,0.521456623496523,0.530125899438298,0.546431878204068,0.547967086008371,0.59013821899583,0.597311319074159,0.579422944252774,0.576473819934726,0.58680695607845,0.572485033658955,0.511030465510929,0.496045190207324,0.518861983792543,0.517081604416483,0.554521102734714,0.554649338320563,0.580365715160539,0.560883203368914,0.550637670734692,0.552286829302372,0.576957733371456,0.56546134271807,0.610215431858322,0.591215800499071,0.606466583576567,0.586773413016931,0.608799870953608,0.596212642043289,0.595971522543471,0.615457352169362,0.586162368736099,0.581625914356565,0.567275653171214,0.589667632751953,0.635831586300131,0.623759334036191,0.653332756053223,0.633910379862255,0.634460162746021,0.615427195775677,0.62711129826247,0.602073122984364,0.660595753680672,0.63663739895617,0.657335820658564,0.651369596976226,0.661963969426754,0.663393477520724,0.649731116593183,0.655637638695126,0.62452381544154,0.613573187062973,0.629486246565656,0.654017323743982,0.654843720116769,0.662422989216349,0.634669951874054,0.600674883783895,0.600244216235495,0.598431577253239,0.623042999717689,0.644609326945937,0.625644831443659,0.635273809330111,0.655225093795567,0.62790019109451,0.634533732078772,0.631699571205983,0.593158757582214,0.596685640090623,0.620124084456193,0.61900439924102,0.639961316599277,0.592202355049083,0.58978782977319,0.594214371295981,0.59606005283053,0.61377083454151,0.606084325627957,0.603206829428866,0.593578667626111,0.603150901929768
"4",0.515296729515962,0.488941490049847,0.471634287915273,0,0.500741365214021,0.502479213982434,0.492143171789604,0.513220780287395,0.515181876815813,0.519488509318497,0.53294970628731,0.533166880777074,0.594989461950828,0.589103133743469,0.586013933219666,0.580128197057414,0.598038857221237,0.583624914936963,0.504882326477374,0.483291013989123,0.505748549229398,0.510157677663001,0.572888198752811,0.563389447906833,0.579721937997347,0.568316307568337,0.550268458211427,0.55943852837849,0.570824525814525,0.589989704281396,0.61037563301673,0.595951036615859,0.610869497485516,0.596159623133957,0.604537117528391,0.596554693797848,0.589411002885986,0.608375530423689,0.592490018406779,0.591715932676386,0.568174295466274,0.57372602729148,0.644146295452499,0.638508255139875,0.65712675751663,0.631496962217094,0.645886045235301,0.626440047302911,0.623053233747918,0.608465526572202,0.663775206895437,0.640030267071857,0.647970296624538,0.650852091460448,0.663770407961856,0.665097411246827,0.648400046693894,0.659721584127442,0.614565635884828,0.620987957226023,0.625188911912421,0.647959650673069,0.658224661875442,0.663391536358039,0.641361849948222,0.605659423580304,0.611145717540191,0.610923653189281,0.614898335590167,0.638119250921322,0.623476034203782,0.638376233795983,0.650614390309081,0.624597128117285,0.620836336814891,0.631758810861632,0.60749333974577,0.608620755762332,0.622222622445021,0.628399268500324,0.635085495747075,0.601531476728031,0.599686727468318,0.600674763066594,0.605809824486473,0.620685663716645,0.610300049590367,0.611033949145013,0.606908722070647,0.608736276533579
"5",0.502336107094638,0.493726424257131,0.514409163962286,0.500741365214021,0,0.476689406397049,0.483174461839278,0.496806715424564,0.474487718865186,0.487301506112582,0.517767427458268,0.498255281296103,0.567780143249969,0.570002960641249,0.54872626315824,0.553008684230475,0.563432020391644,0.549204342232072,0.512262615096748,0.50809990365997,0.525438903424742,0.511836611636236,0.550348436681797,0.543624282312339,0.545125457590327,0.556132921931769,0.548586446582337,0.566795942302245,0.569015704778639,0.547351154386123,0.581117865709879,0.566117925228576,0.582901711118793,0.559466401308962,0.564446076335915,0.566620876674296,0.578379461180839,0.571279662450956,0.553937670510986,0.566116932186534,0.555319890346665,0.554576238588672,0.627215832407913,0.606679034691466,0.646001052056505,0.624547864430681,0.620586194255522,0.604086419105623,0.610051644539131,0.579162035948042,0.64475719184411,0.630306747891166,0.639480167412254,0.645289765843941,0.649936777341541,0.66336080926498,0.636499482025334,0.643843599759499,0.602226386739575,0.592406614659582,0.596780342505417,0.625120513163569,0.641823396220626,0.663246847030046,0.627737473131534,0.584016321020817,0.5785618217531,0.569755199008531,0.60281647039757,0.622431800549172,0.60031738397511,0.613950716595169,0.627171515619919,0.604059975678978,0.608275753547026,0.612082394234227,0.571452397283074,0.58645585049818,0.582467399236267,0.597062840888192,0.624234103162344,0.573634748211464,0.567714145720023,0.585533681323762,0.586147221651206,0.590321932495804,0.588336456903955,0.593585895191729,0.583656312512131,0.5708246958475
"6",0.490844089895047,0.492228689459238,0.510537915384078,0.502479213982434,0.476689406397049,0,0.467813349697082,0.487894374585062,0.481420210684137,0.487620172567019,0.515490146840743,0.498809686532436,0.57126713715575,0.571709126932395,0.554016312318308,0.547453496551648,0.56788044899355,0.549141876093408,0.501813609688002,0.523956403209895,0.519665707363868,0.5085516417725,0.546380336763424,0.540332122845085,0.543089386389368,0.556970213327842,0.547062881484503,0.567674267847575,0.574941475284119,0.549621082575472,0.578571289358603,0.568570840448255,0.586575277092037,0.551658764771878,0.582778403199215,0.568901144898257,0.578111944289226,0.587350687379021,0.569645912154435,0.56136288221266,0.552804905813498,0.558152874976635,0.632770701791115,0.611263294249036,0.655003318806596,0.62722215534735,0.63065947497212,0.613100038233235,0.625397493869454,0.587887998504218,0.655062333287058,0.636173142757713,0.642002810114579,0.648342699770132,0.660645197442027,0.667322180544538,0.639303035980908,0.654843710645893,0.609424206846621,0.599169431679392,0.599375179799385,0.63075864239118,0.654566581015922,0.662939056430506,0.627765984707961,0.593221785421745,0.58669031465426,0.581849043775784,0.602079954324466,0.623906447248597,0.610437155819478,0.624708242439261,0.632226219408607,0.609974297827301,0.610060655113954,0.618050773604112,0.565837706472148,0.596222833639607,0.580012078812948,0.607016626218779,0.619369292770505,0.585680092546629,0.580842400117809,0.586040401281886,0.598853024805599,0.597282740490038,0.589433737874444,0.594260027196606,0.577615927979161,0.568654396302357
"7",0.494540136841355,0.494921755205389,0.502408887289932,0.492143171789604,0.483174461839278,0.467813349697082,0,0.497334432444644,0.462514434680541,0.4714335099985,0.48989570368077,0.487987189551699,0.580870053433815,0.581251737528285,0.568050105844038,0.567403508826701,0.579065146201597,0.576223175591786,0.504766706336139,0.507872464601933,0.527199733691748,0.515003503148117,0.569251224224704,0.556160906202949,0.57357255891603,0.566264518176847,0.572165293555906,0.572443073729834,0.586273272677464,0.569146255586639,0.599311235161718,0.59320396512385,0.595654824144927,0.576979967797119,0.599246211064276,0.581214882021636,0.585333019955898,0.59099233949962,0.583061137687049,0.577655414754839,0.56746739860634,0.582067395013655,0.639241181988513,0.624180976828091,0.65903151344667,0.62754744523609,0.642453451007538,0.621560569873104,0.62808199359326,0.601381780042984,0.661001409465289,0.637559458438023,0.647910973446026,0.649868815992021,0.659806094078526,0.671395362413295,0.643191466773999,0.65332096453318,0.615088152948361,0.606582443532032,0.611808967833679,0.628446612698554,0.649292460203924,0.656313820235867,0.635619464135473,0.601873979249206,0.598346125204195,0.59670007375929,0.606124827167319,0.626909972889597,0.612947860153673,0.629652795678905,0.636830125252208,0.608505857979142,0.620542924463608,0.610714804724358,0.584159239073729,0.603811263553589,0.583327994412731,0.611354165194224,0.622229382866026,0.584249538378548,0.591136814444645,0.593973253240296,0.601437293041553,0.595220820697743,0.587135591585067,0.593437530575528,0.585661156713896,0.580485352938888
"9",0.443150892683207,0.424175893872158,0.481285675546274,0.513220780287395,0.496806715424564,0.487894374585062,0.497334432444644,0,0.48037344695855,0.518508733393124,0.544069892072803,0.52133503417995,0.558442613656014,0.567224090661748,0.535353895577946,0.529207161489842,0.555982865007228,0.541727257649382,0.498394592992969,0.500772171851588,0.539816413503783,0.506318717538317,0.519851245349447,0.51580305676993,0.528258271239789,0.551106398551866,0.531619714929031,0.549739656655417,0.583500904772434,0.525651896143426,0.586338830982109,0.571092124416014,0.576638342097308,0.536167013962186,0.585936632192097,0.556981573117192,0.582384162623839,0.576943808286942,0.555448773334999,0.565458294286165,0.529308345999533,0.549737260359951,0.63940607173707,0.61185727272494,0.660844610744813,0.62699027734504,0.632443981841812,0.601675907760762,0.605415231541256,0.579433102145801,0.660970901669081,0.633455132951073,0.645321867297882,0.660306841713234,0.665543244931565,0.67441763115962,0.642867614668558,0.671284027340055,0.599860283964591,0.5943239687389,0.594147863979587,0.641523191026584,0.650576139085822,0.670475281189402,0.62581960735227,0.552499049978874,0.547909275143577,0.528115167664555,0.582848753673361,0.615681858953172,0.60627662676485,0.612768880868885,0.632470133106878,0.590256712626714,0.616904815141537,0.594287964701802,0.527162115398665,0.559255922255773,0.578238081348673,0.577420905685071,0.618722947693362,0.549850463852477,0.525481716848406,0.561744747045049,0.57121696218472,0.556812391211274,0.566752725154316,0.571358244994239,0.545559108692125,0.540841913972073
"10",0.474608396976644,0.492217472630378,0.521456623496523,0.515181876815813,0.474487718865186,0.481420210684137,0.462514434680541,0.48037344695855,0,0.477973807139705,0.500587681923188,0.487515627737259,0.570347930825009,0.567343854661413,0.547765248496003,0.541797496073384,0.560002336237776,0.549153999971451,0.515342766453754,0.514439627265989,0.540086781931584,0.511737685493164,0.541103579383966,0.53588836474545,0.545846855741345,0.554113483681969,0.563988021755768,0.575491993163935,0.578765412473315,0.551572390206498,0.584555521367854,0.578919373930373,0.590516990324346,0.561591547008879,0.583212678748856,0.554860631439418,0.591027756536029,0.583943758975421,0.564017746294878,0.576022976821016,0.547621348176207,0.559663896954008,0.638416721802109,0.617216385213767,0.654065097144532,0.630387618812287,0.63625000402872,0.617313279171038,0.623721526351791,0.58770343692126,0.664966309444196,0.639888381279966,0.643723241364223,0.647986617654667,0.664997681751325,0.66526256106288,0.645343169013335,0.659323395911081,0.602822636385954,0.593427847019554,0.588559989181232,0.613586654397396,0.641431654199611,0.663785639963101,0.631516676257482,0.58136291881431,0.584227725882018,0.561521908832354,0.600528853198116,0.622363815283626,0.591267370492883,0.624639688953835,0.636040984167878,0.600518269484018,0.610755977333008,0.604834586055085,0.557739287114427,0.584131305742742,0.576566419065021,0.590265331157652,0.620595201555209,0.574909101276812,0.566167391164682,0.585244977666262,0.5917905867706,0.587362432321476,0.58826733918505,0.585392841724561,0.573113862955301,0.557389463713249
"11",0.511913286376216,0.538214631110562,0.530125899438298,0.519488509318497,0.487301506112582,0.487620172567019,0.4714335099985,0.518508733393124,0.477973807139705,0,0.487616671497767,0.493884807291245,0.582381759252528,0.571892366260133,0.572973688195439,0.568383886307871,0.581692910717191,0.571085187817528,0.528288273903798,0.530168125730692,0.540958768779432,0.54466495242711,0.571131397100415,0.56033803140983,0.571821066816251,0.567256996162838,0.566636478140805,0.577558500110778,0.587781302882564,0.578363296540308,0.593476608961822,0.591248814244831,0.596766954297487,0.587164241881892,0.59871593180218,0.575062521949378,0.582353440214733,0.599137882514605,0.579487755726646,0.586567956522507,0.566321763292708,0.584922325822868,0.64172124993796,0.623172510942993,0.658854446212607,0.629595871704861,0.642173224425606,0.618661206676808,0.624369386762761,0.601679736597765,0.654779812026564,0.634387302557067,0.646005640818219,0.649440601450972,0.650698515949722,0.664272201493674,0.636869438326795,0.643200973868145,0.609491966274706,0.613138776256685,0.609964004130064,0.622542006141596,0.638391991068794,0.654478916174884,0.619586720159547,0.599146238538797,0.607455920095239,0.604553246755397,0.600241364783704,0.621134444044381,0.602070015073392,0.626256931447942,0.634236344753492,0.606773880558075,0.61622926259455,0.607147103333237,0.587355083507602,0.598759394274979,0.594302823710173,0.606647471629827,0.616870117366156,0.589243718163021,0.595968640452699,0.592507312441353,0.595943405141541,0.598739731495596,0.603485304149319,0.586236423712004,0.588499001499881,0.576261167326809
"12",0.536379556191638,0.56615796428418,0.546431878204068,0.53294970628731,0.517767427458268,0.515490146840743,0.48989570368077,0.544069892072803,0.500587681923188,0.487616671497767,0,0.499531253660092,0.6078824492776,0.599196766887692,0.603722397104019,0.603709304744471,0.603227437776372,0.605913671680965,0.550607561483425,0.548811671513267,0.546693900234838,0.565392614219904,0.603970695320391,0.592870515072563,0.602205707074575,0.589685637118496,0.598289780263177,0.594675732376472,0.595460378614316,0.606657161802417,0.610697421869621,0.608344535897285,0.620017389894208,0.610336603008827,0.611511174790103,0.601404790351116,0.601717165250794,0.611988880541618,0.603051835293084,0.610306744409012,0.595735276640485,0.602759425179194,0.639690685526338,0.635980765199959,0.654611233261193,0.633393963908635,0.636984160588928,0.634220411982031,0.634185290590108,0.623667746180963,0.65449873871554,0.638342817668181,0.651229121492362,0.647930467426732,0.654855400638978,0.661319633748546,0.640157152744586,0.649723969342266,0.621395035456,0.620737349840917,0.623378377510355,0.630857708882765,0.642117331700643,0.658015741385115,0.635867084035943,0.628612374014176,0.630090607121093,0.625715555581466,0.610859193312441,0.624510413218485,0.628831247910959,0.633269631638914,0.640807799365413,0.623022324976139,0.634035277467378,0.629738215828267,0.605864001856451,0.626321113899314,0.612591653290576,0.625201970982826,0.614013007331708,0.601373304693878,0.619198524796542,0.609332401002554,0.607815474514579,0.617533571330959,0.605592991636917,0.592817057657246,0.614787667661634,0.600945413130259
"13",0.522384980958943,0.543502393159129,0.547967086008371,0.533166880777074,0.498255281296103,0.498809686532436,0.487987189551699,0.52133503417995,0.487515627737259,0.493884807291245,0.499531253660092,0,0.584641193796098,0.585451927053137,0.574927711386987,0.57560910588131,0.582015580374753,0.581300989630095,0.535215023879045,0.536125755196707,0.558001245073773,0.550695841075789,0.579083323032609,0.567078692131696,0.571026442877043,0.569752197237281,0.580642614104828,0.581721134009191,0.58864396403825,0.581157597983651,0.604235049980047,0.595645525115994,0.60484496215282,0.596369230290751,0.593829132415184,0.58514278899481,0.594425095323376,0.593660662585635,0.591502394813473,0.598955892606001,0.581795021485837,0.591189339677389,0.644286133103419,0.626123609431304,0.665146062308861,0.641440780637064,0.636025260036663,0.6193598567525,0.62329092235577,0.603312944889128,0.658083911772984,0.645304361420435,0.653363237409373,0.661893054362088,0.663812093345583,0.668814588054737,0.645923725016655,0.647048901791292,0.617120782715867,0.607537148644712,0.620058316620077,0.633721720414171,0.646827562794785,0.664892725444184,0.639653960972366,0.611875871669312,0.601426066498614,0.597510521129982,0.612621613306062,0.618607055811688,0.614180444831428,0.625068814539147,0.636336411470874,0.613571357654643,0.620556896678469,0.609395738601002,0.591946116423029,0.603667978556376,0.600334112758781,0.611920683824882,0.628583480338798,0.588618060260728,0.601277483145989,0.605306767410326,0.609680320788514,0.6076491045915,0.601803957128273,0.598860363235591,0.599813304703166,0.588751021694576
"15",0.557955314084619,0.564779638630281,0.59013821899583,0.594989461950828,0.567780143249969,0.57126713715575,0.580870053433815,0.558442613656014,0.570347930825009,0.582381759252528,0.6078824492776,0.584641193796098,0,0.459212373325566,0.436213992305827,0.479522637006888,0.492986229195767,0.47601382830221,0.569938089856079,0.574046421649971,0.597114240862469,0.576869326189117,0.531634267845566,0.537817446091604,0.496188573317294,0.539216110143953,0.568241433854121,0.583986418485876,0.547956701435435,0.529406748310003,0.556534097843982,0.548243920250954,0.550983143362142,0.540960644064115,0.558398498143214,0.532414843353547,0.560475038845823,0.551433323707722,0.557782076141477,0.546968950112281,0.552926195254266,0.553251192295535,0.620751648593703,0.611135937072527,0.65020592847057,0.617902403872556,0.619426197251442,0.59108158541089,0.606741420132641,0.587454500894933,0.659600536778306,0.628599522587304,0.632753874785609,0.64070443813825,0.657571343889793,0.658810352378193,0.63205247579784,0.646747992913378,0.625757194732166,0.624448263319838,0.593322677069563,0.638810676102453,0.644701967574418,0.58830048172197,0.55974237734987,0.559716391890165,0.564438278354005,0.568216664344098,0.593248391588329,0.615501371625051,0.583071586839585,0.576592636984494,0.576009168918599,0.555068791297345,0.571765717020706,0.563673240112973,0.563598576499545,0.539959392178715,0.612346955408427,0.592220105682753,0.613121365565312,0.582705338493749,0.580655983685019,0.562962607731642,0.595478593082405,0.579824591589632,0.592057671811527,0.590222424396075,0.570428300505786,0.578299732573039
"16",0.567795135306016,0.579361136549992,0.597311319074159,0.589103133743469,0.570002960641249,0.571709126932395,0.581251737528285,0.567224090661748,0.567343854661413,0.571892366260133,0.599196766887692,0.585451927053137,0.459212373325566,0,0.45727189968332,0.500834403359513,0.484728901923028,0.492466817098835,0.572640695168623,0.574794558927414,0.591490855694042,0.572537180524341,0.525604087165495,0.531333103465346,0.500418501154087,0.526169637620465,0.569991182622031,0.571005918765828,0.545671979786223,0.521138062143422,0.567073920213137,0.571903316239077,0.577117190949915,0.558120993035174,0.570363163299355,0.565042503722635,0.578945307030156,0.577385052970571,0.572424456654531,0.557659894398632,0.554778143037805,0.568583029066436,0.636343306365935,0.626055817032617,0.655113625184174,0.637411360411147,0.642670324575605,0.617174532485341,0.617575448031912,0.598708317515123,0.666840134812381,0.648451377873567,0.649508718776977,0.665525994073926,0.668414571662153,0.669721809349776,0.648067829706945,0.658480986182048,0.639004964634492,0.636970914647848,0.619636429305601,0.64880812585505,0.662179360054204,0.610354814917068,0.583863791014956,0.554953938648746,0.562149118468754,0.587728584874564,0.614862510755294,0.634541129404636,0.593168542385605,0.597833120165461,0.585051849438543,0.563754113604188,0.591326377177518,0.584565589929051,0.584464531218382,0.558246592972681,0.611750424467432,0.594994532288656,0.629352862107398,0.583503635867075,0.586792847234442,0.577101861432742,0.599661524795124,0.590801311218748,0.599904273207769,0.606430372415317,0.583415084534938,0.590779204975375
"17",0.527796892627325,0.545046768178544,0.579422944252774,0.586013933219666,0.54872626315824,0.554016312318308,0.568050105844038,0.535353895577946,0.547765248496003,0.572973688195439,0.603722397104019,0.574927711386987,0.436213992305827,0.45727189968332,0,0.462739336926457,0.487650047826998,0.475206591330447,0.54844701258288,0.560520520540257,0.587110046243745,0.54510321452947,0.50731414086447,0.512630882458539,0.473687831703117,0.536806232896306,0.556977397473574,0.572311723365651,0.540108543798953,0.502779060251198,0.558395733133841,0.548044745979097,0.558657863516629,0.52679143655969,0.556361188183073,0.526357886164237,0.565493518193646,0.550281443880062,0.545124708267425,0.545950721786295,0.533448232954669,0.543781919874166,0.620386940370156,0.614580876846699,0.659677312965314,0.619788572755856,0.630044235003977,0.606102861287691,0.609424869187272,0.578802538845387,0.654548945377678,0.634502113828459,0.638346055566789,0.652129650089361,0.659873340315547,0.665087949098164,0.64427410525404,0.661571587485954,0.622498055165705,0.615105438826169,0.589075923043712,0.64388006084698,0.649850218331855,0.612090594091404,0.577477407057182,0.542908007273989,0.549154855063474,0.554411716718515,0.591767692816808,0.61858343090496,0.583271749430633,0.58559466764949,0.585616980292121,0.559307485408688,0.58085349197219,0.583047329413061,0.556456278775214,0.54954214508365,0.595810120641803,0.591560267628207,0.614739058818281,0.571880821074263,0.55937918213171,0.562413104500698,0.595919460604302,0.574616890552841,0.589483243096419,0.580089827613762,0.56398636550373,0.566569339674226
"18",0.528957279935185,0.529710658006001,0.576473819934726,0.580128197057414,0.553008684230475,0.547453496551648,0.567403508826701,0.529207161489842,0.541797496073384,0.568383886307871,0.603709304744471,0.57560910588131,0.479522637006888,0.500834403359513,0.462739336926457,0,0.447557099057801,0.433054339101708,0.543838543976273,0.558006589857518,0.596072882332881,0.546978752226558,0.461724289685622,0.490569723361898,0.496733229646178,0.514807037421141,0.543528236539322,0.569932700439456,0.567723467063127,0.477831695499374,0.563886673744408,0.541685945680441,0.563983321211354,0.516603025546075,0.563273482487631,0.5325759046934,0.566521297172444,0.556483904433886,0.552728703985381,0.542774194969764,0.531325620358057,0.544299335164575,0.626626446536371,0.611616308319586,0.655336984695379,0.625379086699615,0.628121044342598,0.594830185960714,0.60337383937695,0.56436123471849,0.66142133299413,0.638991948031712,0.644350945227022,0.654354721482657,0.660302260859696,0.670778386404014,0.63844448997527,0.668135942295457,0.623820584597009,0.61649224052179,0.589791349162616,0.648426552056905,0.661054942944337,0.628542842364424,0.594883727430264,0.532734950089472,0.535372376275817,0.530882894762357,0.593597939013877,0.621735994142284,0.581950442459854,0.586210934603069,0.585153721241304,0.550624846843728,0.585924689620138,0.568389294289549,0.531185964245828,0.51920660867741,0.587695113671246,0.558692243481559,0.616259670974532,0.547755980961696,0.549441420408768,0.536458889646429,0.576951319323157,0.563874498968361,0.573889325235027,0.580870140771857,0.526480105502402,0.54109994644407
"19",0.55957032012988,0.553542937510915,0.58680695607845,0.598038857221237,0.563432020391644,0.56788044899355,0.579065146201597,0.555982865007228,0.560002336237776,0.581692910717191,0.603227437776372,0.582015580374753,0.492986229195767,0.484728901923028,0.487650047826998,0.447557099057801,0,0.455084125061978,0.569257359025306,0.569106786588309,0.589558146920765,0.570635804154548,0.494631789815464,0.509607319949572,0.521055336234213,0.541364131698515,0.552443943097,0.552380228873611,0.578426964920917,0.493566552655699,0.586263074346111,0.563543345289205,0.586526738208802,0.558653314207052,0.578656994206113,0.5612274911849,0.582607888789984,0.583763004303507,0.572626094499737,0.573413376011626,0.561872449431553,0.564463174019115,0.63974578791522,0.623122720588331,0.662640023946544,0.636595805467347,0.640231934163501,0.611924261850161,0.617298903045798,0.596313749476927,0.664224175692072,0.644346417110624,0.652468218036479,0.658870903556551,0.666900657824412,0.67479429969989,0.649739348455794,0.666535580204577,0.637685194425538,0.621261391151628,0.609490966197741,0.654195299237462,0.657039012773996,0.623132961330125,0.588247292824381,0.530011004704282,0.532938424730484,0.556216787411874,0.596265747810322,0.623796671964378,0.583561972770692,0.5868991968866,0.584749818046841,0.551337605155736,0.5755194632277,0.568669475904102,0.553776089171055,0.518121468292733,0.601469950583167,0.562211514746507,0.609549049471967,0.556996132590542,0.557566352814742,0.530838957495632,0.574671000705824,0.569015793149455,0.576916284345546,0.578776425042438,0.548849842092762,0.572232548079319
"20",0.535456888892419,0.538687570045024,0.572485033658955,0.583624914936963,0.549204342232072,0.549141876093408,0.576223175591786,0.541727257649382,0.549153999971451,0.571085187817528,0.605913671680965,0.581300989630095,0.47601382830221,0.492466817098835,0.475206591330447,0.433054339101708,0.455084125061978,0,0.557376914089825,0.559654263074961,0.58394808890365,0.550371527953955,0.496631008198657,0.520201772540762,0.485670187851376,0.523719958127733,0.554556017175853,0.569554608214848,0.553244893760853,0.489622381875565,0.550882450072473,0.540032199178621,0.552796338207893,0.514854949238126,0.555583863800121,0.537631069870991,0.564367928600746,0.559363807002113,0.555115243005357,0.539495395731962,0.543271230545789,0.540904241060984,0.623248123119518,0.603060504088741,0.648034359619366,0.610700051804349,0.615498273110933,0.58463642314551,0.599117603943066,0.56669471712503,0.65320778335985,0.626352370542777,0.626932386322028,0.63868799424574,0.650647120362226,0.655784258781919,0.627480678136132,0.648256703572789,0.622235045237136,0.609583491335025,0.576924028051807,0.631827815701992,0.646853716716962,0.606918564074215,0.574784324057181,0.539091000832935,0.531823936646396,0.546327967492012,0.597581065986596,0.61026211196602,0.567433058390641,0.573240671476982,0.586397975692915,0.559872679253194,0.577718237072418,0.574146427198149,0.542530936748987,0.516353954900197,0.586676249647694,0.576690921922665,0.618020488887611,0.555856431459121,0.555220250863028,0.548668032559606,0.57197409957826,0.564679116343584,0.580699993290787,0.583424776090681,0.545054873410519,0.560344341379849
"22",0.49362392494308,0.487770943256334,0.511030465510929,0.504882326477374,0.512262615096748,0.501813609688002,0.504766706336139,0.498394592992969,0.515342766453754,0.528288273903798,0.550607561483425,0.535215023879045,0.569938089856079,0.572640695168623,0.54844701258288,0.543838543976273,0.569257359025306,0.557376914089825,0,0.449641142906709,0.487280238315171,0.466433728286181,0.534223275963204,0.543645305534834,0.542882541057302,0.559119924404755,0.538160820967295,0.558433862913377,0.579331565188078,0.545799130753736,0.593946185279776,0.577831626396719,0.594781735583038,0.562575971740161,0.586045641344633,0.570550750666091,0.587585312827598,0.590273623414111,0.572751063519236,0.57069790397626,0.55966138002194,0.562803630323004,0.639205839990424,0.623600565736386,0.661087043417966,0.634413911557683,0.637921439239122,0.604330819863428,0.620355406799556,0.596491725307672,0.662416875082353,0.638733620479964,0.650957388021372,0.662613505955637,0.665540620373111,0.676226039508442,0.642109264573464,0.662203150482107,0.614230596903715,0.600247594830018,0.619863488461028,0.647555570999055,0.65528815764967,0.66662006107366,0.632808893578254,0.590606165760269,0.587096443039571,0.579711572334413,0.608558689178046,0.62586064172133,0.615962950278254,0.627460235950805,0.645296613465946,0.607223282784433,0.625314318939203,0.619023559514408,0.578398143440021,0.588897024462409,0.606046262132529,0.616405071647692,0.633252578626331,0.575641353707621,0.575783802038633,0.591804818449134,0.59831460054975,0.594398291027856,0.601938066770422,0.603968451674766,0.58141800831943,0.585871532705031
"23",0.50724671912051,0.489049202719899,0.496045190207324,0.483291013989123,0.50809990365997,0.523956403209895,0.507872464601933,0.500772171851588,0.514439627265989,0.530168125730692,0.548811671513267,0.536125755196707,0.574046421649971,0.574794558927414,0.560520520540257,0.558006589857518,0.569106786588309,0.559654263074961,0.449641142906709,0,0.465843518548337,0.475602830538087,0.542446251673643,0.536224165118664,0.558136982347937,0.550008373145166,0.518307269157627,0.537194316142633,0.576283056262629,0.548158044965293,0.591149932729362,0.575732872926828,0.594991826128229,0.562260298296238,0.589639655738269,0.577850468585849,0.584595957461198,0.58650296307624,0.575434876094039,0.57496288858121,0.545919931426215,0.563922941576585,0.646635530834854,0.626211596232124,0.663697445094246,0.634561827357469,0.638251759665072,0.606651645832463,0.617753541734897,0.593343733651206,0.663065363037163,0.643549979548827,0.644412432866886,0.660441013482041,0.66636211725744,0.669528286660024,0.646772123420672,0.656945331548883,0.612119654346901,0.604775631661374,0.621688119576893,0.655880019290969,0.659190262100631,0.661896475491039,0.634912286365539,0.595891490163758,0.592105752341987,0.595250444607477,0.618096614886478,0.636772215947649,0.622425527383465,0.633440100136165,0.644814670830434,0.623325772203417,0.628996753401634,0.625436927935121,0.594329708980677,0.596821939825933,0.621720993318529,0.623281219044986,0.645983865737202,0.593033909436422,0.587212155675799,0.600479058027507,0.60459794755882,0.605622040198846,0.607499536730273,0.616996435171804,0.593283309423311,0.591967300590196
"24",0.537912827733688,0.517731865828995,0.518861983792543,0.505748549229398,0.525438903424742,0.519665707363868,0.527199733691748,0.539816413503783,0.540086781931584,0.540958768779432,0.546693900234838,0.558001245073773,0.597114240862469,0.591490855694042,0.587110046243745,0.596072882332881,0.589558146920765,0.58394808890365,0.487280238315171,0.465843518548337,0,0.51250462284169,0.574478635122523,0.569268489848659,0.588732455972487,0.582248221046559,0.552823221115217,0.562068936909449,0.588631693684639,0.57577445202152,0.606268154212982,0.600274411239879,0.616004681181318,0.596575762456607,0.608083330582262,0.593142211365713,0.596801265817752,0.605491293792942,0.590633609629108,0.592216794817533,0.580390132543868,0.584262893290208,0.656067666394449,0.637362883904144,0.66682217296576,0.63796634091711,0.6457195639836,0.628615713506612,0.63640581965091,0.618831296644963,0.660897254164911,0.64650622625326,0.64984808643465,0.656290529175137,0.663958528779594,0.668399601616813,0.650463057301526,0.668760251269017,0.62054828358629,0.62159714357171,0.642404370747282,0.661947715505447,0.659582484369161,0.663016838336993,0.644460021553592,0.622805989428348,0.612892447177355,0.623505953396267,0.623116947039413,0.645908322831497,0.633567982648126,0.638041107072933,0.651368175062623,0.627951191973791,0.642540019289019,0.639814122441206,0.613542340984953,0.616355560616672,0.632240884716452,0.629615230999725,0.639482814489064,0.611403185431997,0.610566747650694,0.604264139750235,0.618998775494663,0.621090069762584,0.62036025522467,0.61503755121263,0.610098835391617,0.614586983109637
"25",0.506698992265845,0.488227181995178,0.517081604416483,0.510157677663001,0.511836611636236,0.5085516417725,0.515003503148117,0.506318717538317,0.511737685493164,0.54466495242711,0.565392614219904,0.550695841075789,0.576869326189117,0.572537180524341,0.54510321452947,0.546978752226558,0.570635804154548,0.550371527953955,0.466433728286181,0.475602830538087,0.51250462284169,0,0.537072879334734,0.533202071185123,0.544193836980839,0.561415011191132,0.543573265729685,0.565335655724102,0.579659720179187,0.539107652052391,0.595050206242205,0.576621501695969,0.586540106585279,0.550909824291919,0.587024917456287,0.57077324132954,0.585879006090228,0.582548062525134,0.561964475043324,0.5668088856347,0.55947497883114,0.560204391911978,0.64503085730116,0.628808312219632,0.664851449171446,0.637522813390795,0.644615457925378,0.611849847609142,0.624440701865568,0.593367057268654,0.667079114636162,0.64068322601889,0.655276434568055,0.658619153245238,0.669320457142723,0.670779373001838,0.653819729412723,0.667768241204908,0.618797730224566,0.607451897320346,0.615467859168026,0.653391120307637,0.659753647181024,0.674129734128076,0.642124707578583,0.589950790205793,0.593162014822963,0.582198228556225,0.609075012964398,0.636602868957134,0.613587879367623,0.630888886834849,0.646130103273223,0.61429341623387,0.631926389121114,0.632484774549891,0.581165413063705,0.596025455858965,0.599925415107164,0.619282635586347,0.644091908841761,0.589987160047115,0.575176412105789,0.598989761969666,0.600157596637741,0.604284283188168,0.602970553607703,0.609667795883434,0.589088435192026,0.581584851537946
"26",0.517019103465221,0.498100848360234,0.554521102734714,0.572888198752811,0.550348436681797,0.546380336763424,0.569251224224704,0.519851245349447,0.541103579383966,0.571131397100415,0.603970695320391,0.579083323032609,0.531634267845566,0.525604087165495,0.50731414086447,0.461724289685622,0.494631789815464,0.496631008198657,0.534223275963204,0.542446251673643,0.574478635122523,0.537072879334734,0,0.448627011249753,0.498291925447926,0.50222126958957,0.508389382736383,0.541017278081672,0.572856166627866,0.447498508548451,0.577358578787751,0.564393743456225,0.583213073809603,0.528501531239834,0.574643805782536,0.558490406597374,0.590957252528775,0.577150539663902,0.565187784759716,0.552987903953782,0.545935398118084,0.543357126002165,0.647168311607376,0.622878149729985,0.673241153777853,0.639867306210759,0.644751809826261,0.596565748132751,0.609330450917834,0.578595744912889,0.681150824112748,0.661357060838114,0.665773281787201,0.667216089132677,0.681309207249615,0.683257436032354,0.654447665041597,0.683475079672801,0.627436677296734,0.622906135267572,0.618052454266767,0.661133455518707,0.679043662809402,0.667433098226423,0.630960687669445,0.521535717282472,0.513315129126819,0.531209509031239,0.599823104688161,0.646836160159488,0.608504502333445,0.609149960006317,0.620779121032717,0.585200278495368,0.613483910496801,0.600042685694109,0.542919981268782,0.534949443825852,0.597395190910365,0.58479247316261,0.627156057233791,0.553166512729166,0.521176226935679,0.54210594707348,0.5751276036319,0.572262590799955,0.584780618269241,0.593416157035403,0.533846786641025,0.567167172971942
"27",0.529939339696716,0.513769698368506,0.554649338320563,0.563389447906833,0.543624282312339,0.540332122845085,0.556160906202949,0.51580305676993,0.53588836474545,0.56033803140983,0.592870515072563,0.567078692131696,0.537817446091604,0.531333103465346,0.512630882458539,0.490569723361898,0.509607319949572,0.520201772540762,0.543645305534834,0.536224165118664,0.569268489848659,0.533202071185123,0.448627011249753,0,0.511167789151508,0.50597533064273,0.52050666015109,0.523776815090906,0.567228173939471,0.459992859204951,0.566231867058782,0.553930898744366,0.583375963949015,0.544134042635787,0.581184940309623,0.55928325743291,0.579714575046962,0.568221151122617,0.557468718682507,0.550349481691144,0.541814965678874,0.546081820823691,0.632590107070679,0.621007730432043,0.662093984993098,0.636555400598729,0.639772100818929,0.602221535434664,0.606491569622656,0.58255117587746,0.659218389802307,0.642331065907784,0.651971604229855,0.663708860007379,0.667889703927777,0.675155806494384,0.652013298035335,0.666557785672659,0.627348899046839,0.615453055053189,0.623315121136434,0.659849481516081,0.671275949041728,0.65402523607979,0.62144960912263,0.533062796495122,0.529968990127109,0.553393405565516,0.604071199199448,0.638800792188492,0.607193126963184,0.601016543403687,0.617387046107221,0.581551710092951,0.609871606484067,0.602851689305884,0.562531229601074,0.547427683811188,0.598799775395757,0.580295785076465,0.622747091307672,0.55314003869407,0.551660144533,0.538997451497765,0.57071960221584,0.577436511082381,0.580755483441045,0.582357747522094,0.529821927728788,0.573736064559158
