"","1","2","3","4","5","6","7","9","10","11","12","13","15","16","17","18","19","20","22","23","24","25","26","27","28","30","34","35","36","37","61","62","63","65","85","86","87","88","89","112","113","114","161","162","164","165","166","167","168","169","170","171","172","173","174","175","176","177","179","182","187","188","191","194","196","197","198","201","202","203","204","205","206","207","208","209","210","213","214","215","216","217","218","219","220","221","222","223","224","225"
"1",0,0.700809767036253,0.721720818291215,0.748180259454563,0.790517943962004,0.795889137372164,0.76974649670532,0.645897346835173,0.806374035425249,0.803146441592743,0.813684786456825,0.796325459317585,0.911843591191417,0.91640266550142,0.915500658094563,0.893764049621181,0.898348020589107,0.894984407484407,0.811946623615771,0.815455137092895,0.834574385910706,0.859506091777924,0.894115922913461,0.872750194469033,0.912418522686257,0.897716975065041,0.853800263422949,0.875291160966041,0.941738483989097,0.880285615692937,0.929196924391286,0.922025449298177,0.907613618200224,0.9151911377463,0.932142857142857,0.908397153140476,0.935374149659864,0.931760940287543,0.936499872999746,0.925858379535065,0.940095594115568,0.939685844057532,0.943789783786627,0.935959345106696,0.950501672240803,0.93290061074138,0.941108575325936,0.917998173932892,0.923840462010467,0.907790328603435,0.954411406617786,0.94709104597731,0.948995163334454,0.95098710487276,0.955059606321042,0.959984470757883,0.944008013918912,0.952885882959821,0.900470436306614,0.887576020851434,0.903153877489762,0.92624275007283,0.922792404473439,0.961195279587618,0.947779697948756,0.851645223727656,0.850611160798981,0.776600979951644,0.839166604211946,0.893792130427967,0.902666077478274,0.92123629112662,0.91437603492398,0.899162320214952,0.921805485990395,0.89183235754449,0.82085635359116,0.877161155548226,0.874111948331539,0.874322693305257,0.905567716226076,0.852607467032026,0.826838709677419,0.889351942494336,0.872487633836328,0.85347554659724,0.875022834625121,0.899089270929723,0.863620675923222,0.852698461896091
"2",0.700809767036253,0,0.626034926598483,0.676626474095667,0.736391646696337,0.766492750714895,0.755584459650512,0.572469145982793,0.802172529210045,0.828687540912066,0.852372636396483,0.822958109056869,0.927242344864963,0.927133570979241,0.928743135223875,0.894764642545152,0.906008204808641,0.902857142857143,0.772423773134632,0.777314617893095,0.814118363000152,0.819783147689006,0.857076617764342,0.840952304437482,0.916596131216582,0.894823429300808,0.806595015820716,0.863406307088736,0.943712574850299,0.869008253703752,0.933448507039348,0.930622553352696,0.926050163909431,0.925835255992532,0.938825937203614,0.920531520074745,0.940684289064165,0.939002502591067,0.940878869960377,0.932412107539011,0.945887250022622,0.944207907105336,0.95262665351443,0.942929584982874,0.956752528356708,0.942855640836926,0.948167803891837,0.922080066033842,0.935588641066912,0.917141762624783,0.961965711907178,0.955926786026419,0.957597173144876,0.958504519309778,0.962629518152518,0.965350631323243,0.953200222976739,0.95878447254594,0.913783490330722,0.912338908692076,0.94078774528626,0.951012623284062,0.952532252321345,0.966070031051981,0.955307127680124,0.867160480379075,0.865604946610896,0.867006631248303,0.912418241072039,0.941302183257644,0.930295874427004,0.940477157635335,0.93931038403593,0.924815786187086,0.94291459531922,0.926958506562322,0.882374238616518,0.890396879776525,0.910196752819787,0.907412343405462,0.933131907450107,0.849073627226757,0.85728616331171,0.905203517117888,0.896292347784885,0.899175881493845,0.913896097537091,0.928760806916426,0.88556974832427,0.90704230442561
"3",0.721720818291215,0.626034926598483,0,0.56381981584606,0.757614161318017,0.789574825846745,0.737610062893082,0.671707470401285,0.838131848016527,0.819150233787355,0.83310843373494,0.813249211356467,0.92909270531247,0.923964968152866,0.935136260704339,0.908093389410115,0.907430340557276,0.898004352797964,0.771274698623297,0.752146243539914,0.758012582354981,0.849697920029516,0.90230942632378,0.860920476135086,0.922159202034031,0.884641061017402,0.823060376798695,0.853506221099299,0.938066216438807,0.880194115862906,0.930146485896836,0.929942057340658,0.926771117166213,0.93485342019544,0.934700867428614,0.916373170540815,0.933894181203349,0.935855637273485,0.937645076155045,0.929434936158653,0.948644996087915,0.948312645461598,0.95075714231224,0.944967369477912,0.953197570560915,0.942792865177567,0.944560788942619,0.923139193046739,0.932727356618835,0.923668452568547,0.957621682302943,0.954211630695444,0.955242823546978,0.953221957040573,0.958062905641538,0.962086099628377,0.951497532800367,0.95563035495716,0.912022218038034,0.911123320091286,0.948332832682487,0.949977416440831,0.950771618242952,0.965903444057949,0.954498522448108,0.882915221424538,0.885819107517221,0.896135445328574,0.927744840049459,0.946756056897591,0.930952070568809,0.941366574330563,0.938134978229318,0.927106726061186,0.93871039220031,0.924192734611504,0.903714439992042,0.89875048809059,0.910580332151521,0.916067146282974,0.936432982201235,0.887862904320904,0.883572901413501,0.912124135713137,0.897891807763052,0.909805129785104,0.92303068872861,0.93786287429056,0.897165843847138,0.925166143621931
"4",0.748180259454563,0.676626474095667,0.56381981584606,0,0.727347747152996,0.750891546045731,0.649014233931571,0.70874991612427,0.809511179481739,0.773003327787022,0.780853061829684,0.755667038275734,0.930137588741597,0.926070647077212,0.935619998456115,0.913487557701491,0.912172923777019,0.904968226458694,0.741254958528669,0.706738732455758,0.738896299589941,0.833391272103641,0.916661044772763,0.877567913311762,0.923401555690407,0.894976180164573,0.844823254979365,0.870106515423987,0.936494427558257,0.890327832457633,0.930582691644639,0.928820345517906,0.925409316376385,0.935348785130445,0.935006411430665,0.917624889435834,0.935238403626649,0.936108313751818,0.940458684021151,0.929718875502008,0.947315239102338,0.948370999472194,0.949586776859504,0.946782866679028,0.95206350598658,0.940934446334613,0.945857966025593,0.928895549727322,0.932515615099122,0.927644014750085,0.956242108585859,0.952352810814804,0.954607270187819,0.952029677639434,0.957648597825198,0.96113117714661,0.951458137347131,0.956180594263174,0.916758595330024,0.918000990425883,0.948284704040595,0.951050762172562,0.950029643431863,0.964695697993903,0.955734547364735,0.89582271033536,0.897990444582224,0.91135472629592,0.935093987882554,0.947085327093011,0.933923328936732,0.939843104872007,0.937778173402172,0.928382635142474,0.938443468047157,0.925346649059095,0.912810941808964,0.905970833015194,0.914857791280794,0.922128355361766,0.939048523707749,0.902129239254368,0.898415195478646,0.917630398867123,0.905540751630984,0.914190796179546,0.926637039094507,0.939212851405622,0.90342109976715,0.926897716124027
"5",0.790517943962004,0.736391646696337,0.757614161318017,0.727347747152996,0,0.570597888127854,0.659549137831714,0.741951592057338,0.726833053148843,0.744052258471588,0.750366158352718,0.704428167138339,0.927134555207868,0.924033943000101,0.931530225817009,0.912515305020047,0.910757865576149,0.904027312385408,0.825854125531024,0.835005994177085,0.839762265470225,0.866853175836701,0.90819317685703,0.875448353022475,0.921069651741294,0.89606596169489,0.878281696195535,0.896480489671002,0.938092427346273,0.896999293195399,0.929796622540725,0.925896002326859,0.922209219166504,0.932076403754322,0.93456423993112,0.917641179410295,0.935352763400146,0.934789654501847,0.93925259592426,0.927573887625853,0.946396792384056,0.94577443214145,0.949702506746432,0.942940464399692,0.953757225433526,0.939749182115594,0.945037474449239,0.925728779651329,0.933554817275748,0.920330431890004,0.955251730221197,0.951932320707556,0.954525161043434,0.953385689985885,0.956387927115028,0.961256874627807,0.948377195846666,0.953182017223763,0.912523379052369,0.916891125602495,0.940294124844006,0.944774385126848,0.946942316032962,0.962944873172479,0.953753330678999,0.901261285632164,0.902223634053367,0.903161967446411,0.924015715121625,0.941793746739897,0.920580135854599,0.935798355076574,0.933696227413624,0.92277661397829,0.937453792695549,0.929346677003312,0.902194547801655,0.907860334271058,0.893292087267991,0.917090493243853,0.936819469570263,0.895157589663084,0.898052542151353,0.916283974555227,0.905572394497552,0.908611367532639,0.921606410962256,0.932539002228699,0.901539912005028,0.915704607332053
"6",0.795889137372164,0.766492750714895,0.789574825846745,0.750891546045731,0.570597888127854,0,0.624667288879671,0.75406068835849,0.641817269076305,0.702258864535157,0.717523744655088,0.664850035220406,0.934886925708099,0.932319236809959,0.938433775390297,0.918837394695452,0.920898326312194,0.912632302405498,0.82962923672625,0.83756724447101,0.848618381816977,0.872873497965749,0.919285297384821,0.896819568410349,0.928001777185383,0.908233815210559,0.884621599784541,0.905471183800623,0.94506246281975,0.90723401883743,0.939947482589337,0.936649185449676,0.932176744708326,0.937703506867772,0.943905129619415,0.927628558310376,0.94522947218429,0.943670248488919,0.945860651727175,0.936260842627014,0.950784648850218,0.949430749430749,0.955127844900253,0.94803964436671,0.96064647732622,0.945726670962451,0.951026590373612,0.935400359394512,0.944540950910378,0.927786883240784,0.962275675518455,0.958147398763824,0.959446393546783,0.959682383355903,0.963121118012422,0.966514049735165,0.954592857746836,0.959714905484971,0.921635042257226,0.92205224901919,0.94201848558695,0.948981875139852,0.953003816324018,0.968115290614378,0.959131987950201,0.916260728369288,0.916307185052892,0.913126290675061,0.930729333103906,0.946003105423783,0.927914686014511,0.944474686989657,0.942137399699498,0.932523097228333,0.944273515006907,0.937066730966303,0.904065409947763,0.917595291159495,0.890347997373605,0.923702923360548,0.942162590646194,0.905247907972409,0.908099073794656,0.924223347875736,0.916775927625541,0.916823495865412,0.925473819466752,0.937762466366585,0.907405375754251,0.910657578808768
"7",0.76974649670532,0.755584459650512,0.737610062893082,0.649014233931571,0.659549137831714,0.624667288879671,0,0.73035719614455,0.660728944344114,0.621209631029666,0.643032593292395,0.603341332005252,0.933941156728941,0.931400115180054,0.940574200620379,0.921098674591952,0.919773042158739,0.912116418854793,0.794698094531057,0.787606484310413,0.803397371081901,0.859556804125873,0.92683979126433,0.89875227449961,0.930240063553536,0.903695740816251,0.886633085570367,0.8988859334644,0.944291537469951,0.904087544254908,0.937142667198511,0.935834921044983,0.93349122408591,0.937815195240938,0.9415993099262,0.924528301886792,0.940733247287822,0.941390513320338,0.945090403337969,0.934263831800574,0.951273960546934,0.950659480303229,0.952844996729889,0.946496146728172,0.954404338881616,0.94359923245614,0.947562608156202,0.930876072210458,0.937711343375346,0.925526593675318,0.958636224019658,0.954806266520534,0.956094427493175,0.955006568384177,0.95896875990561,0.962082125945297,0.950732925787156,0.95512231009748,0.922629957493273,0.920727143111745,0.942614893094126,0.948343554300918,0.950878086026979,0.965050326218812,0.955608989179691,0.908952342241642,0.909067761545562,0.908728834301226,0.928169998601985,0.944422157074526,0.926480348056928,0.942496443812233,0.939867891579986,0.932201776649746,0.941500241734538,0.931148355940629,0.905676190476191,0.912478393830608,0.892958024042567,0.918972930418458,0.938911616074805,0.904561116063899,0.907138196528775,0.92117940483105,0.910476339338049,0.913682398887933,0.924309528203236,0.935211510295511,0.902955322111125,0.912058428976002
"9",0.645897346835173,0.572469145982793,0.671707470401285,0.70874991612427,0.741951592057338,0.75406068835849,0.73035719614455,0,0.771520532261897,0.791070439775012,0.804410229645094,0.781374736775937,0.918238845946009,0.918924100906626,0.919778083745039,0.882957398771971,0.895290091264668,0.890150819672131,0.82431110999674,0.822606631052319,0.857938803470848,0.861410015163418,0.865012734647675,0.838706989919187,0.908328340323547,0.8867117919487,0.825253304257639,0.865779739516956,0.939258560408458,0.861787515591952,0.927102100083358,0.923046525106697,0.915062227422615,0.917848312972659,0.933440714953757,0.91116778814847,0.934792889531811,0.932822255591559,0.936341491706299,0.924640446140299,0.938852550925061,0.938782106123691,0.948929116455297,0.939425334991021,0.95426989215972,0.938044610072889,0.943377361469242,0.916637940939906,0.927904032792815,0.908083151702641,0.955943068231204,0.950174324816569,0.952315546686708,0.955162461063641,0.958342596709649,0.96195274012636,0.949380437648299,0.954773001898843,0.905250192455735,0.900762480218673,0.924265777083377,0.938693890438352,0.938832626446233,0.961856943823769,0.949621849795221,0.854631584955197,0.854447732023128,0.833920091698051,0.881822576746435,0.921653442539032,0.912988613687052,0.92978318320025,0.924039615846339,0.90429512516469,0.929825593364901,0.906544743501265,0.847479836432235,0.876113046844754,0.885975006021034,0.883306030510904,0.915119140843495,0.834835555749547,0.840639769049892,0.889516741165556,0.876925007057052,0.874578799094073,0.892360124964499,0.911443845093249,0.863652127517674,0.871289779681763
"10",0.806374035425249,0.802172529210045,0.838131848016527,0.809511179481739,0.726833053148843,0.641817269076305,0.660728944344114,0.771520532261897,0,0.604040934138022,0.69406946761717,0.653139722106268,0.943573730862208,0.943570490821568,0.94525747171077,0.926747214585444,0.93390863174107,0.926550310723258,0.863698396451723,0.870298100432575,0.886660412282259,0.894805403666774,0.926050826946349,0.912288221625646,0.937407462244596,0.926777986944723,0.911024978466839,0.927690961370171,0.956482087737349,0.92420771711331,0.948776168203079,0.946966322166785,0.942718250856874,0.943509615384615,0.951962364997681,0.937692641384507,0.955620472072914,0.951915987040554,0.952798043774553,0.946579095986111,0.955961331901181,0.954757744775217,0.96398712388787,0.956001751174083,0.967544202403048,0.955951720310766,0.96003752764313,0.948136490449961,0.954042468348121,0.937244283995186,0.968670929751116,0.965064535411455,0.966472431907474,0.966835814434477,0.969590945381111,0.972099369530441,0.96190882359543,0.96677467717754,0.939370954692557,0.935792512705495,0.945401717574799,0.954823992485575,0.957429854638528,0.973722464497372,0.965244831805594,0.925361415177128,0.92662941449301,0.913759706532732,0.936544481470262,0.951653669179754,0.940538035657667,0.954139764527155,0.952677243430838,0.943451070201709,0.952708491420459,0.9471239305098,0.911889013134204,0.929181178720208,0.907113275383425,0.932276103474772,0.94985010806163,0.907600950118765,0.916745378491432,0.9369079328315,0.93049009173382,0.927450177450177,0.934212517565669,0.943777741246096,0.920408972720462,0.91093130889355
"11",0.803146441592743,0.828687540912066,0.819150233787355,0.773003327787022,0.744052258471588,0.702258864535157,0.621209631029666,0.791070439775012,0.604040934138022,0,0.514791946308725,0.529161933922663,0.938005159071367,0.935454577206524,0.943155286605994,0.926451549866875,0.92446360673547,0.917064768775795,0.852975001513226,0.842036229572122,0.85765210077302,0.903042020609227,0.933713976119527,0.906969000765824,0.934891147324936,0.913780622547339,0.911015506515212,0.916167428661517,0.945388305738917,0.915680473372781,0.937910181080988,0.936607976523943,0.935332708528585,0.942696347127495,0.941537648961806,0.925873546962851,0.942431242330181,0.943485402071532,0.947517203963336,0.938543247344461,0.953902727312525,0.954009381282108,0.955037974683544,0.950311438278596,0.957103517821821,0.946632692784089,0.950324992422456,0.93732889382168,0.941710463449594,0.932578209277238,0.959250751016081,0.955813798614811,0.957382594852746,0.955645619484111,0.959653863005696,0.962504123446835,0.950732719050695,0.955412065869407,0.926571024449384,0.924730391254739,0.942007060010086,0.946742380968381,0.948978819969743,0.966664408157734,0.956231312424454,0.917526848086748,0.920353694613309,0.916489770109751,0.930465476668771,0.943881453154876,0.928164762523404,0.942148760330578,0.943603256381012,0.937817755181854,0.942649839836363,0.934927738243709,0.908042094322463,0.919210544287373,0.890776863997825,0.924817631538103,0.942214176693998,0.910079536527887,0.918104933852965,0.926651656933793,0.915169902912621,0.916328271626002,0.929169166640351,0.93741701336638,0.911969436979959,0.906730769230769
"12",0.813684786456825,0.852372636396483,0.83310843373494,0.780853061829684,0.750366158352718,0.717523744655088,0.643032593292395,0.804410229645094,0.69406946761717,0.514791946308725,0,0.477547284929835,0.945099194657238,0.939729651523294,0.949396693775581,0.937562803834768,0.928018205046311,0.925198038476047,0.879552769778079,0.868817816068598,0.868408482995797,0.921556420233463,0.946961777939372,0.920618397717634,0.942965131148939,0.918721461187215,0.923617021276596,0.923036723834862,0.946975580291656,0.923532785318295,0.9399235834485,0.938613006982035,0.936659966103031,0.948200478645066,0.944909344490934,0.928963973132506,0.945442792501616,0.944306000553776,0.950522625249844,0.942837103278976,0.958572709863525,0.958719690583627,0.953287127919555,0.953220360992079,0.955490316776362,0.948067836652042,0.950300904706867,0.940634005763689,0.941708836123005,0.941265790068814,0.957438699021725,0.955016346949226,0.957038140410019,0.954342728401306,0.957852549986788,0.96064107672555,0.952346454157611,0.955161529892313,0.925222551928783,0.925530977350842,0.944660773669102,0.945979250308065,0.945867768595041,0.968042770430518,0.959083469721768,0.922667540017194,0.924636253410124,0.923510627681868,0.931028801159955,0.941921740105393,0.925600333132837,0.940873350806273,0.940613579534526,0.938518008717596,0.941460668886908,0.931962583833392,0.91277404267758,0.922335168146571,0.896253373551357,0.926454168917702,0.941278724667175,0.922295457021462,0.924328041378898,0.928216685447185,0.912718821085946,0.915196196922085,0.927253947174266,0.937617116963647,0.913457181694608,0.919793508914488
"13",0.796325459317585,0.822958109056869,0.813249211356467,0.755667038275734,0.704428167138339,0.664850035220406,0.603341332005252,0.781374736775937,0.653139722106268,0.529161933922663,0.477547284929835,0,0.936125394956942,0.928957112002468,0.939719471527124,0.926071558772981,0.91697506635266,0.912198415236471,0.862605042016807,0.853929145305685,0.855445193330968,0.906727135298564,0.935180505811782,0.906668602751661,0.932415553383295,0.905113515807341,0.90652883935486,0.907255576126245,0.94104027783322,0.907871004977996,0.932225209193139,0.930743862220594,0.928371510642999,0.940029254022428,0.936181778647532,0.919917942483759,0.938612596790932,0.93748847501383,0.94354215003867,0.932579065766839,0.951045859605854,0.950847739756973,0.951019347172194,0.948054730784536,0.953427977839335,0.944238498458657,0.946080065177943,0.932455168451721,0.93466327486946,0.929266271826188,0.955017977176802,0.951969857702016,0.954394904458599,0.953621480577417,0.956324630641571,0.959260012197601,0.949824666119526,0.951916939704693,0.921800840753966,0.919089759797724,0.93962070456019,0.943557014793227,0.944,0.96379837446872,0.9546875,0.910918769867106,0.911964043661269,0.914104101703046,0.926441351888668,0.939023114736952,0.919317697228145,0.935331747724104,0.934204139270112,0.932864335964004,0.934116224851049,0.929187342389978,0.904722106142917,0.91314307172362,0.881251401659565,0.920767982693348,0.937735257214555,0.906950525681026,0.913382009012606,0.918125924196436,0.904331227559878,0.907559232794284,0.92101531970813,0.932253927540879,0.902220643098241,0.910277963291343
"15",0.911843591191417,0.927242344864963,0.92909270531247,0.930137588741597,0.927134555207868,0.934886925708099,0.933941156728941,0.918238845946009,0.943573730862208,0.938005159071367,0.945099194657238,0.936125394956942,0,0.729560204488597,0.682723894663148,0.808493392936091,0.799695303702722,0.791077639850656,0.928780463191887,0.924756650587794,0.933698630136986,0.941550724902646,0.891454827545053,0.863517539060125,0.804388553830361,0.874063734168596,0.909512442725053,0.902731193100144,0.887967624123976,0.866330505148102,0.890595189691302,0.894348894348894,0.883804437897063,0.903784170944252,0.916548337474855,0.89106665838355,0.919458804007914,0.908452834755249,0.930075168548033,0.894963385320588,0.928619666427914,0.913346866277595,0.938842580144005,0.933012146994003,0.947632591601138,0.927580604848788,0.938280042790919,0.914879050661798,0.925023300769788,0.919311016558159,0.951569147296381,0.944739857222598,0.944928045956798,0.948321005433004,0.951864535768645,0.9536468116265,0.943728752907497,0.947265947265947,0.931068828135733,0.929341279401509,0.919222191246167,0.937914103170847,0.930684560208905,0.874526545547923,0.869889937106918,0.878830695805074,0.880066415631393,0.891680378011222,0.926307143407172,0.920394020960999,0.889917625433998,0.882924369747899,0.860985246674158,0.864829356228421,0.886403233674821,0.88759022581286,0.891308486838974,0.845837582865885,0.912028777820022,0.89853036221092,0.905041106366707,0.907069669843963,0.888178209086899,0.881561324064035,0.903403928147061,0.891764059686918,0.906265991925854,0.91591407043232,0.890074737546166,0.909789902540342
"16",0.91640266550142,0.927133570979241,0.923964968152866,0.926070647077212,0.924033943000101,0.932319236809959,0.931400115180054,0.918924100906626,0.943570490821568,0.935454577206524,0.939729651523294,0.928957112002468,0.729560204488597,0,0.761638788162358,0.815606642566652,0.789160068565831,0.780953122566578,0.925152749490835,0.921198043149263,0.928493471846073,0.942030180588769,0.869616207142364,0.839615891545848,0.821517980738079,0.82272181987826,0.89939944921862,0.883661848445028,0.894007718870607,0.852208716276312,0.90346450119531,0.897361136741096,0.893489805771159,0.911969146598502,0.903288201160542,0.894401214651737,0.90996245106655,0.908438459546447,0.93179240366635,0.89374412672842,0.928193481925454,0.922122276203762,0.937405925327655,0.94078907618875,0.949182613103536,0.931423510839013,0.940126508652029,0.914231128815902,0.919704498482916,0.915033078259809,0.952742680459595,0.945753700244288,0.949405505766415,0.950521474911719,0.953525134366108,0.956668386175152,0.946112816016367,0.952607419048013,0.927569787252632,0.92736306636697,0.920205433166644,0.932840979372067,0.928321969067021,0.908885484488702,0.909351651853688,0.87212543554007,0.876233700742021,0.90677099436345,0.934735315445975,0.931997529678172,0.87617074539255,0.892852693218157,0.864351005484461,0.889005958436274,0.897785497177594,0.896344700837247,0.901732041393319,0.851157021589984,0.906686181415771,0.903394957983193,0.904301880840661,0.905659403077559,0.89058880722926,0.880719531832999,0.894603146307768,0.894357296855252,0.909243237697911,0.923196300753785,0.886354823927527,0.918288726682887
"17",0.915500658094563,0.928743135223875,0.935136260704339,0.935619998456115,0.931530225817009,0.938433775390297,0.940574200620379,0.919778083745039,0.94525747171077,0.943155286605994,0.949396693775581,0.939719471527124,0.682723894663148,0.761638788162358,0,0.836300713005045,0.839559795352803,0.823396167465111,0.930732210381574,0.929881052505106,0.940894191687426,0.941799886391301,0.891834402742375,0.876304211187932,0.816634828623499,0.890073943758762,0.913950697073216,0.908866653732088,0.896658166689035,0.877159164872578,0.913547010717733,0.916181606519208,0.908536585365854,0.906537470869619,0.924711180732328,0.903360701718599,0.929006243496358,0.920775085816626,0.936161386808724,0.905869712470511,0.928750987574517,0.92085233122518,0.945145081038475,0.941933112826167,0.956574413094982,0.938745857761917,0.947337524154294,0.928235728996145,0.933481276005548,0.925101038633697,0.957798350276215,0.950851900393185,0.952518020415074,0.956862122775001,0.959633973450187,0.96212669215666,0.952745098039216,0.957095358425322,0.939423209603974,0.935864891467648,0.928177455646045,0.946154221333463,0.940756964662518,0.901135951034805,0.894310954938012,0.894241645244216,0.895582722885072,0.900620889819611,0.930735082908996,0.932500059293694,0.908720612356479,0.907248173805224,0.894814941643124,0.896007151370679,0.912477496191663,0.911374886889871,0.902515018837186,0.875771744465398,0.92425194566636,0.908743195044115,0.917828853395663,0.917359347340876,0.892872906114042,0.898130573828034,0.914897197834563,0.902653754244749,0.917624249302502,0.921791609430946,0.900531914893617,0.918526025195255
"18",0.893764049621181,0.894764642545152,0.908093389410115,0.913487557701491,0.912515305020047,0.918837394695452,0.921098674591952,0.882957398771971,0.926747214585444,0.926451549866875,0.937562803834768,0.926071558772981,0.808493392936091,0.815606642566652,0.836300713005045,0,0.713689358022483,0.700455613917989,0.912915161659766,0.911188431546738,0.928952232968093,0.924380768975363,0.803667621776504,0.792863762743281,0.853357344996141,0.848748451767146,0.870079217035296,0.871106088266829,0.921472490194,0.796495883882149,0.897843448401446,0.899794411025661,0.899224017300598,0.892491559033174,0.914798653534472,0.896739271192147,0.916992161551747,0.915297443275031,0.931323542422366,0.905553198510347,0.907451457653372,0.910278941070894,0.941239609595367,0.934651857055053,0.949685017803342,0.934943805709857,0.941389758108578,0.908572359843546,0.924264705882353,0.900244345311484,0.953462788139279,0.94666535462127,0.947620215897939,0.95269273083425,0.954846304774362,0.956736193099829,0.944108987474425,0.949901209841124,0.928561363956601,0.9222248721414,0.913959256699061,0.937391390695596,0.936453308763753,0.914219174537456,0.909207381673935,0.849877169775666,0.84977468778164,0.870021482481322,0.915828586685653,0.929838032393521,0.887477825021823,0.896011004126547,0.872373609558001,0.863460446875484,0.899322965355089,0.884493540122862,0.864091073211138,0.825852489377928,0.899173718764822,0.856572321583608,0.887717690192484,0.848451737929328,0.830555120488667,0.823474994393362,0.854110532303455,0.860784520482944,0.877474267616785,0.847815533980583,0.832115274970196,0.877050078533075
"19",0.898348020589107,0.906008204808641,0.907430340557276,0.912172923777019,0.910757865576149,0.920898326312194,0.919773042158739,0.895290091264668,0.93390863174107,0.92446360673547,0.928018205046311,0.91697506635266,0.799695303702722,0.789160068565831,0.839559795352803,0.713689358022483,0,0.742963192081658,0.913556740289414,0.906788386299677,0.917578125,0.932088975641495,0.839707847564628,0.803274399132808,0.866723493180818,0.859654178674352,0.861293314781687,0.839197947022748,0.919286773371859,0.786115827202415,0.904853733081065,0.909084526818309,0.898628482092098,0.914066082854709,0.924424407199642,0.899687998839065,0.91837509491268,0.920784423982568,0.932512067280642,0.899249283113703,0.915464345899028,0.913106119653275,0.9374735654871,0.936071585741528,0.950203292943118,0.930284109801603,0.940196899874319,0.904728271532274,0.914349511290866,0.910410188064564,0.951332942727406,0.945820967630616,0.94712596259626,0.94799119427628,0.950922802895365,0.953727310780471,0.943053112908899,0.949762470308789,0.916431727330107,0.91678425689333,0.924434105285169,0.93876203385118,0.934055079220831,0.931863150699716,0.919948702372515,0.812766623615514,0.816697710090939,0.864847303443795,0.91049816214924,0.920173680694723,0.885296885869788,0.894053667831057,0.864131856632075,0.862445414847162,0.890261718913053,0.865372246341855,0.855671248091073,0.797387404952232,0.896856479395557,0.853899844141763,0.874305906108026,0.877812676999125,0.822648063110797,0.788101358795446,0.831296063275211,0.833810672294242,0.863865719287406,0.872774433200973,0.810784349276571,0.897320428372989
"20",0.894984407484407,0.902857142857143,0.898004352797964,0.904968226458694,0.904027312385408,0.912632302405498,0.912116418854793,0.890150819672131,0.926550310723258,0.917064768775795,0.925198038476047,0.912198415236471,0.791077639850656,0.780953122566578,0.823396167465111,0.700455613917989,0.742963192081658,0,0.907724414112073,0.903388443280406,0.91529933481153,0.928442835380933,0.851339709747962,0.812182382834557,0.837744752400065,0.819418178891884,0.884535571592282,0.875079415501906,0.893012296590825,0.808792447513034,0.87920197740113,0.881252778062707,0.882952873130497,0.890372194500249,0.901008953628224,0.882875013103183,0.896344590139916,0.89883586357138,0.922003260589766,0.893065817541039,0.922911636355581,0.916768944042911,0.932141897339425,0.928270519381379,0.939677925257239,0.92252429919707,0.930049821112114,0.889452523202946,0.905530045917349,0.893979509612064,0.943436387745132,0.9366411205074,0.935927452596867,0.940897904392572,0.944496436541646,0.945114224684117,0.933501598519266,0.940422010757137,0.915042775665399,0.911570786842486,0.916162204604747,0.930534782464187,0.929773390172762,0.901675546831183,0.889750527983104,0.847052460789616,0.85152322796127,0.882966794059089,0.918228279386712,0.927380651679717,0.873600873600874,0.887309070337545,0.866985802544904,0.867554380971742,0.891889769961529,0.879076749859261,0.876494337248322,0.804497442125796,0.89479940564636,0.874067489920955,0.894391106619505,0.879530309411153,0.866256432597272,0.857965311179128,0.865117806419834,0.872699598726996,0.89384532110676,0.903580037496652,0.854048118199062,0.901106261613586
"22",0.811946623615771,0.772423773134632,0.771274698623297,0.741254958528669,0.825854125531024,0.82962923672625,0.794698094531057,0.82431110999674,0.863698396451723,0.852975001513226,0.879552769778079,0.862605042016807,0.928780463191887,0.925152749490835,0.930732210381574,0.912915161659766,0.913556740289414,0.907724414112073,0,0.541096677779055,0.647384787115293,0.691241672793708,0.909613012642615,0.884626604434072,0.918562765035794,0.899873503940839,0.850475758948799,0.885377502286353,0.943008817158373,0.88992655987972,0.932577004467435,0.930459967882542,0.927678211260301,0.928995328891952,0.935454545454545,0.918602242802616,0.937588001224365,0.936648717136522,0.939294318409958,0.92863396386597,0.944507271392576,0.943511851791926,0.952439937777266,0.948804869599644,0.95843008255934,0.946001018848701,0.949327817993795,0.931538581937705,0.936710543810663,0.926036906634704,0.959677660050739,0.955453279922725,0.956409675409279,0.957450844028577,0.960888888888889,0.963730251429274,0.953213842468323,0.958926754832147,0.925450389889755,0.921399420542696,0.947541493545449,0.952728308875908,0.952280258797538,0.96667817679558,0.956310414504942,0.905634393150111,0.905077825976014,0.915451184333482,0.940070534472482,0.949360878689597,0.933645664021417,0.945250843366036,0.940993075383151,0.934410139928774,0.944701795020266,0.936256948733786,0.919372109447976,0.91,0.92492441581193,0.933129079525776,0.945269905937332,0.918015336823583,0.90755229878265,0.921837010355696,0.918805569535313,0.921284068150814,0.932301425661914,0.94050237888167,0.908119000307856,0.931251204935415
"23",0.815455137092895,0.777314617893095,0.752146243539914,0.706738732455758,0.835005994177085,0.83756724447101,0.787606484310413,0.822606631052319,0.870298100432575,0.842036229572122,0.868817816068598,0.853929145305685,0.924756650587794,0.921198043149263,0.929881052505106,0.911188431546738,0.906788386299677,0.903388443280406,0.541096677779055,0,0.575909474415604,0.752192164179104,0.909845637726394,0.878657106935336,0.917835619951276,0.896722824832679,0.83598353909465,0.864179288264992,0.937730260781622,0.881422258205985,0.92769172387622,0.927369442307049,0.926559930184943,0.929762357013212,0.93343258891646,0.916617652146836,0.932488228902571,0.931886353678676,0.939184737460254,0.924348145427837,0.941847382470383,0.942920115149334,0.94898544852966,0.946606334841629,0.955175475850353,0.94368781313951,0.948288590604027,0.923119922486398,0.928336804999199,0.921882581271228,0.957447557370125,0.953086091835718,0.953519168377144,0.95345328354268,0.957827383116411,0.961113340385948,0.950808032997498,0.956615723008078,0.918268258142828,0.913925641215167,0.949249339119158,0.951707852462833,0.952341701011615,0.964766629543384,0.955380328076509,0.904661980204945,0.905299055613851,0.918396226415094,0.941628741837917,0.949582216616743,0.935545917405242,0.942011443661972,0.937175656549772,0.934055566399896,0.943151761413731,0.931365016646544,0.92181311802131,0.90812090438124,0.925009828331805,0.931717047721344,0.943424160174839,0.922783188728037,0.90705675272029,0.916027837637334,0.913752163239023,0.916745827113584,0.929621254946297,0.94006854330824,0.901817354270295,0.933255418614535
"24",0.834574385910706,0.814118363000152,0.758012582354981,0.738896299589941,0.839762265470225,0.848618381816977,0.803397371081901,0.857938803470848,0.886660412282259,0.85765210077302,0.868408482995797,0.855445193330968,0.933698630136986,0.928493471846073,0.940894191687426,0.928952232968093,0.917578125,0.91529933481153,0.647384787115293,0.575909474415604,0,0.807421903312314,0.931303068040303,0.901435260973846,0.930949237295278,0.905632609374303,0.867370636475797,0.882492637978532,0.93884922301554,0.901359385058124,0.935596033031728,0.93414270988432,0.934591243110839,0.941778020179984,0.937400711097662,0.920880168407674,0.937410856615488,0.936493842412076,0.94311973777235,0.932405908887435,0.951324574628473,0.950639048038784,0.953706575682382,0.951110547828016,0.956422749419425,0.946237437699158,0.949273682583836,0.931125313066759,0.93669754973428,0.93177053554412,0.959825256195648,0.955692823915199,0.955903596137763,0.955199433352517,0.959256429844665,0.961773113187423,0.953979615653933,0.95762522860074,0.921310222986201,0.91753859348199,0.954306476919266,0.953954910202522,0.951995423945087,0.966217269326683,0.958209925594163,0.915429438058748,0.917838638045892,0.93039251427877,0.947265254505217,0.953429965556831,0.936677558950808,0.945258123745677,0.942920476586312,0.940119982224856,0.945249887438091,0.937833714721586,0.931815629912419,0.919133151112847,0.92411903779037,0.937974025974026,0.946273405947864,0.933635788140958,0.923398410100538,0.924024973647936,0.921086186540732,0.926932880203908,0.936560934891486,0.946885784716516,0.91462789334896,0.943162000917852
"25",0.859506091777924,0.819783147689006,0.849697920029516,0.833391272103641,0.866853175836701,0.872873497965749,0.859556804125873,0.861410015163418,0.894805403666774,0.903042020609227,0.921556420233463,0.906727135298564,0.941550724902646,0.942030180588769,0.941799886391301,0.924380768975363,0.932088975641495,0.928442835380933,0.691241672793708,0.752192164179104,0.807421903312314,0,0.91541531741848,0.908454857933167,0.933191922620058,0.928177395534706,0.882494913631468,0.91509751554189,0.957772274136819,0.912847650017168,0.949751395230847,0.94735791427944,0.945184621240959,0.938238181655907,0.952002694029555,0.940071775213083,0.955353236525761,0.953323338330835,0.953610677886185,0.945275888133031,0.952471802072681,0.952655120645091,0.965529637322256,0.959711170585383,0.969870937108819,0.959730301971345,0.962517454617993,0.949448919033489,0.954102337891486,0.939500616970313,0.971153255999509,0.966684482451452,0.968428114763803,0.969738886169692,0.9724224119975,0.974266393955838,0.965773154630926,0.971150971599402,0.941779216430405,0.941172737657063,0.956794019933555,0.964153152974336,0.965847226947941,0.9747803514377,0.966463766999268,0.928080991360647,0.926176096630642,0.926918639099386,0.951499404568583,0.960725424511956,0.951535426316692,0.957840454641128,0.953949388184729,0.946406388642414,0.95951338409439,0.946631467793031,0.930139550714772,0.931135590804504,0.93817380427661,0.946046582316957,0.959161442811633,0.92863007849706,0.920143632860396,0.938459948320413,0.93758081055776,0.937263855494716,0.943581530862292,0.952192263034704,0.926920120617277,0.93762367332254
"26",0.894115922913461,0.857076617764342,0.90230942632378,0.916661044772763,0.90819317685703,0.919285297384821,0.92683979126433,0.865012734647675,0.926050826946349,0.933713976119527,0.946961777939372,0.935180505811782,0.891454827545053,0.869616207142364,0.891834402742375,0.803667621776504,0.839707847564628,0.851339709747962,0.909613012642615,0.909845637726394,0.931303068040303,0.91541531741848,0,0.674873932283627,0.876954100604962,0.837705362201039,0.834080135073706,0.858304900360975,0.936899558474407,0.76081168597539,0.930993597344083,0.927074050498621,0.921584962084802,0.915465371356941,0.939959889696666,0.924969249692497,0.946997629707664,0.941080921441229,0.944685136624482,0.929530536102632,0.936990244682552,0.934082921114293,0.953664860762696,0.94632698958668,0.961341204896173,0.946914197517445,0.952661105624777,0.911349960957237,0.929514168125266,0.902130232921072,0.963628141352801,0.958538869809553,0.95994604129916,0.962748659983404,0.965117044382528,0.968268956279233,0.958344723174296,0.962670754249132,0.93203654304667,0.929404926901239,0.936026108927569,0.950662862896459,0.954270282435017,0.957918379455015,0.948863984322371,0.834689868088689,0.827949945789664,0.862860164792985,0.928526285550129,0.944042548855786,0.924905096054296,0.929967684346116,0.920800056876081,0.911488078809367,0.937923562767968,0.913392999476213,0.871206486164832,0.844157633657909,0.913766827533655,0.881886626260932,0.911684813110338,0.823497593912038,0.840361034758368,0.855750441983809,0.88566389889044,0.882425934543198,0.899602427286043,0.911771728748806,0.852288442541982,0.894940007076913
"27",0.872750194469033,0.840952304437482,0.860920476135086,0.877567913311762,0.875448353022475,0.896819568410349,0.89875227449961,0.838706989919187,0.912288221625646,0.906969000765824,0.920618397717634,0.906668602751661,0.863517539060125,0.839615891545848,0.876304211187932,0.792863762743281,0.803274399132808,0.812182382834557,0.884626604434072,0.878657106935336,0.901435260973846,0.908454857933167,0.674873932283627,0,0.860037674919268,0.795967775597946,0.810522085663575,0.798860743106201,0.912514249990806,0.694306203221129,0.903876512892475,0.904243743199129,0.902519803332423,0.908583810688464,0.919781282299203,0.896194985095564,0.920049559070039,0.918223188208925,0.925805054151625,0.906675749318801,0.92655127804791,0.922753643049655,0.93982924515517,0.935764679107874,0.94656193166428,0.929815828770533,0.93814884724282,0.891850665446364,0.907892067356462,0.892347221816695,0.950711668545659,0.945642049234864,0.947598542563763,0.948492840994725,0.951327755547472,0.956535995336636,0.945758702264278,0.948198540589845,0.908799545620512,0.90555205748361,0.932672167966286,0.943015380509125,0.939957031397233,0.943395579921192,0.931539081385979,0.788026948989413,0.79069935111752,0.860226468506723,0.921223248608641,0.939592638347746,0.902574808629088,0.905726573110004,0.890276247602726,0.884700064356603,0.915362953692115,0.891241978104945,0.856058764751951,0.802209324096611,0.89245289356128,0.857161530668932,0.884017182639609,0.805373070554932,0.825760602774131,0.809494403705133,0.842675077788671,0.85854526053708,0.878610256074399,0.897004825053865,0.819238128370151,0.891683721749081
