81
ASV_49     0.0000000 0.0652078 0.0660198 0.3259006 0.2193233 0.2492693 0.2530472 0.2889124 0.2718651 0.2574092 0.2691867 0.2621308 0.2504363 0.2583609 0.2341856 0.2866100 0.2779160 0.3000601 0.2842791 0.2904474 0.2673915 0.2752455 0.2671346 0.2635251 0.2345791 0.2519868 0.2720883 0.2740506 0.2684553 0.2703718 0.2638415 0.2543519 0.2754598 0.2758301 0.2716118 0.2561049 0.2648112 0.2653429 0.2692287 0.2687270 0.2959212 0.2841953 0.2789700 0.2714003 0.2745051 0.2816472 0.2787820 0.2720891 0.2715894 0.2755369 0.2759168 0.2799006 0.2628322 0.2697258 0.2753237 0.2828819 0.2828819 0.2214034 0.2232652 0.2555949 0.2479345 0.2178359 0.2149834 0.2146507 0.2232927 0.2272740 0.2034185 0.2654595 0.2348486 0.2415423 0.2326671 0.2179190 0.2421721 0.2451678 0.2359147 0.2329612 0.2325512 0.2617034 0.2430257 0.2408152 0.2448020 
ASV_7      0.0652078 0.0000000 0.0154855 0.3532641 0.2304196 0.2460293 0.2415631 0.2491692 0.2442583 0.2310126 0.2918640 0.2828841 0.2898166 0.2780427 0.2445322 0.2697875 0.2696215 0.2776424 0.2740821 0.2824572 0.2980678 0.3068631 0.2715174 0.2677313 0.2474323 0.2573704 0.2554080 0.2572826 0.2696418 0.2716607 0.2631078 0.2515071 0.2617801 0.2575953 0.2617801 0.2658240 0.2789420 0.2483336 0.2483336 0.2478556 0.2740249 0.2866626 0.2767152 0.2589993 0.2692805 0.2547708 0.2837302 0.2858534 0.2853160 0.2853160 0.2807608 0.2807608 0.2679591 0.2671727 0.2513993 0.2462807 0.2501034 0.2527272 0.2472326 0.2436677 0.2356449 0.2231386 0.2270948 0.2267326 0.2163291 0.2203617 0.2163522 0.2448216 0.2295126 0.2293779 0.2163578 0.2249248 0.2447665 0.2397634 0.2345227 0.2385322 0.2380969 0.2482781 0.2530615 0.2642690 0.2578852 
ASV_13     0.0660198 0.0154855 0.0000000 0.3205749 0.2428140 0.2420326 0.2447056 0.2451554 0.2474734 0.2379309 0.2999511 0.2908185 0.3025449 0.2902922 0.2558642 0.2775004 0.2851645 0.2854227 0.2819406 0.2904504 0.3063109 0.3152610 0.2793024 0.2754577 0.2546905 0.2648156 0.2627940 0.2647276 0.2773593 0.2794400 0.2706841 0.2523216 0.2626233 0.2584253 0.2626233 0.2747333 0.2880123 0.2603549 0.2603549 0.2598574 0.2866011 0.2995715 0.2895771 0.2632936 0.2736609 0.2589859 0.2882997 0.2904618 0.2899172 0.2899172 0.2853160 0.2853160 0.2723468 0.2715943 0.2555868 0.2504523 0.2543084 0.2535393 0.2480244 0.2476594 0.2395553 0.2339449 0.2380137 0.2376337 0.2170106 0.2240845 0.2300013 0.2518902 0.2441515 0.2399780 0.2267965 0.2356356 0.2519861 0.2508272 0.2455289 0.2424025 0.2419606 0.2442150 0.2489470 0.2600540 0.2696028 
ASV_43     0.3259006 0.3532641 0.3205749 0.0000000 0.3012914 0.2731222 0.3230113 0.3005150 0.3141500 0.2492795 0.2188744 0.2266749 0.2408633 0.2414288 0.2260218 0.2568086 0.2548063 0.2335340 0.2694512 0.2594517 0.2240103 0.2168794 0.2539008 0.2543686 0.2405517 0.2397869 0.2488529 0.2488529 0.2364471 0.2364471 0.2153061 0.2520187 0.2612757 0.2695395 0.2651697 0.2533930 0.2725930 0.2830755 0.2826005 0.2820645 0.2871230 0.2947158 0.2669993 0.2502066 0.2775937 0.2771996 0.2667312 0.2600422 0.2595522 0.2634776 0.2717281 0.2678064 0.2857039 0.2986103 0.3088653 0.2951156 0.2867629 0.2598584 0.2628470 0.2435668 0.2476910 0.2396262 0.2380237 0.2423600 0.2599230 0.2420189 0.2911025 0.2972649 0.2801283 0.2905694 0.2871897 0.2774794 0.3072536 0.3068722 0.2601113 0.2562685 0.2562685 0.2894242 0.2898177 0.2612598 0.2743973 
ASV_5      0.2193233 0.2304196 0.2428140 0.3012914 0.0000000 0.1706752 0.1992411 0.2117782 0.1996130 0.2295391 0.2487434 0.2515243 0.2369185 0.2232673 0.2217949 0.2416964 0.2285321 0.2359097 0.2592327 0.2618569 0.2384116 0.2457948 0.2302825 0.2232184 0.2198373 0.2342955 0.2452024 0.2500466 0.2438084 0.2486590 0.2273654 0.1996529 0.2244884 0.2316747 0.2278893 0.2275205 0.2378497 0.2146132 0.2148970 0.2144948 0.2289289 0.2395294 0.2365653 0.2309885 0.2371178 0.2349663 0.2146752 0.2161198 0.2068610 0.2101992 0.2098722 0.2065971 0.2169223 0.2244677 0.2301427 0.2131108 0.2094894 0.1593957 0.1616609 0.1618894 0.1557179 0.1749648 0.1690828 0.1661657 0.1828091 0.1765423 0.1646207 0.2158734 0.1919576 0.1955903 0.1762851 0.1916650 0.2335887 0.2008666 0.1747637 0.1753979 0.1750803 0.1835281 0.1960344 0.1855550 0.1822362 
ASV_84     0.2492693 0.2460293 0.2420326 0.2731222 0.1706752 0.0000000 0.0871084 0.0815999 0.0794569 0.2198484 0.1878001 0.1925997 0.1879197 0.1697789 0.1806920 0.1892871 0.1941072 0.1924292 0.1946571 0.1936865 0.2102581 0.2106480 0.1699003 0.1638136 0.1874191 0.1886652 0.2011908 0.2055227 0.2164392 0.2210408 0.2224195 0.1840116 0.1909058 0.1975245 0.1940542 0.1920911 0.1961797 0.1704181 0.1766045 0.1795970 0.1713564 0.1757186 0.1882050 0.2085108 0.2302805 0.2140210 0.2030101 0.2078913 0.1955531 0.1959071 0.1956091 0.1924777 0.1911385 0.1812153 0.1803999 0.1884682 0.1786035 0.1316838 0.1433582 0.1308890 0.1276782 0.1710232 0.1771639 0.1735977 0.1697672 0.1699149 0.1566081 0.1977413 0.1792225 0.1612482 0.2000435 0.2085177 0.1938931 0.1711904 0.1688825 0.1721633 0.1691852 0.1782136 0.1693357 0.1744471 0.1733421 
ASV_66     0.2530472 0.2415631 0.2447056 0.3230113 0.1992411 0.0871084 0.0000000 0.0525158 0.0427487 0.2353939 0.2518629 0.2483303 0.2504613 0.2186944 0.2314932 0.2166276 0.2008078 0.2230547 0.2212514 0.2267142 0.2581351 0.2661404 0.2199625 0.2130595 0.2379312 0.2459256 0.2633491 0.2685768 0.2624662 0.2677541 0.2661000 0.2180936 0.2283146 0.2286035 0.2249512 0.2001457 0.2045471 0.1839389 0.1903449 0.1872175 0.1789493 0.1928172 0.1960986 0.2082193 0.2362980 0.2201690 0.1966988 0.2147516 0.2108496 0.2112230 0.2045092 0.2077250 0.2104475 0.2190222 0.2044282 0.2095999 0.2055198 0.1552811 0.1594596 0.1405720 0.1270760 0.1775029 0.1831386 0.1795706 0.1886895 0.1970594 0.1584767 0.1859108 0.2012181 0.1513609 0.1941505 0.1903680 0.1757295 0.1592719 0.1500643 0.1475886 0.1503289 0.1573737 0.1420838 0.1476977 0.1521384 
ASV_55     0.2889124 0.2491692 0.2451554 0.3005150 0.2117782 0.0815999 0.0525158 0.0000000 0.0149763 0.2153309 0.2168271 0.2137133 0.2323506 0.1829608 0.1876935 0.1903688 0.1952119 0.1936276 0.1948660 0.1938942 0.2244674 0.2248898 0.1838277 0.1774229 0.2068709 0.2080294 0.2240217 0.2287340 0.2335083 0.2384238 0.2362095 0.2285371 0.2323770 0.2397085 0.2358432 0.2039600 0.2118004 0.1907033 0.1973028 0.1940842 0.1824511 0.1898320 0.1962466 0.2325276 0.2691837 0.2510951 0.2323238 0.2377641 0.2272129 0.2276244 0.2272694 0.2238832 0.2329931 0.2169070 0.2165286 0.2111137 0.2075362 0.1586160 0.1629225 0.1418021 0.1281665 0.1903390 0.2062404 0.1960791 0.1776067 0.1893902 0.1646400 0.2090436 0.2213326 0.1905016 0.2226372 0.2283269 0.1773299 0.1835358 0.1769767 0.1743083 0.1772959 0.1882064 0.1629089 0.1716433 0.1668775 
ASV_83     0.2718651 0.2442583 0.2474734 0.3141500 0.1996130 0.0794569 0.0427487 0.0149763 0.0000000 0.2252816 0.2340626 0.2345814 0.2357618 0.1987366 0.2037119 0.1997676 0.1948049 0.2124519 0.2042877 0.2032597 0.2422852 0.2427355 0.1994823 0.1928697 0.2236916 0.2247484 0.2304302 0.2352214 0.2441777 0.2492317 0.2469132 0.2476764 0.2516935 0.2520278 0.2480432 0.2091112 0.2102539 0.1956544 0.2022874 0.1990549 0.1873311 0.1947026 0.2012734 0.2486236 0.2789543 0.2605156 0.2484533 0.2541331 0.2400214 0.2404513 0.2331218 0.2366184 0.2343599 0.2293670 0.2222140 0.2234719 0.2198091 0.1587470 0.1584969 0.1484837 0.1373324 0.1772915 0.1925739 0.1827258 0.1805163 0.1923573 0.1627587 0.2092483 0.2120509 0.1813274 0.2192384 0.2133624 0.1715658 0.1721760 0.1766620 0.1772995 0.1769803 0.1884944 0.1706087 0.1702782 0.1654989 
ASV_50     0.2574092 0.2310126 0.2379309 0.2492795 0.2295391 0.2198484 0.2353939 0.2153309 0.2252816 0.0000000 0.1318406 0.1189614 0.0883030 0.0864496 0.0835624 0.0685497 0.0870046 0.0914423 0.0941518 0.0982736 0.0736895 0.0780831 0.0860756 0.0862189 0.0753375 0.0862982 0.0914213 0.0940380 0.0834625 0.0860284 0.0722333 0.2085930 0.2196417 0.2192995 0.2230016 0.2194653 0.2336122 0.2210701 0.2207213 0.2203162 0.2217774 0.2289876 0.2144262 0.2486686 0.2537328 0.2533884 0.2356199 0.2411687 0.2273247 0.2239009 0.2235482 0.2201515 0.2217000 0.2223246 0.2174161 0.2032160 0.2134210 0.2042744 0.1963289 0.1822052 0.1836590 0.2008057 0.2073195 0.2040724 0.2022952 0.1851644 0.1870935 0.2350425 0.2239678 0.1966141 0.2019110 0.1960539 0.2427164 0.1796324 0.2169391 0.2206662 0.2202735 0.2065711 0.2070713 0.2247275 0.2114638 
ASV_8      0.2691867 0.2918640 0.2999511 0.2188744 0.2487434 0.1878001 0.2518629 0.2168271 0.2340626 0.1318406 0.0000000 0.0205019 0.1005301 0.0822276 0.0800905 0.0960093 0.1013061 0.1251989 0.1284171 0.1262005 0.0841082 0.0795881 0.0623472 0.0665580 0.0827967 0.0843617 0.0892371 0.0890251 0.0892281 0.0867132 0.0983149 0.2165958 0.2070230 0.2102497 0.2066441 0.2155912 0.2243438 0.2432342 0.2427692 0.2423051 0.2324652 0.1990698 0.2086998 0.2155082 0.2130145 0.2119416 0.2193718 0.2170778 0.2069072 0.2072953 0.2105984 0.2109929 0.2000703 0.2146506 0.2047037 0.2080182 0.2079605 0.1953160 0.1943189 0.1835313 0.1851171 0.1802016 0.1744176 0.1773087 0.1728167 0.1868508 0.1775955 0.2086431 0.1889979 0.1756231 0.1760304 0.1995679 0.1975226 0.2204840 0.1955991 0.1991250 0.1987697 0.2260524 0.1930514 0.1956837 0.1900836 
ASV_16     0.2621308 0.2828841 0.2908185 0.2266749 0.2515243 0.1925997 0.2483303 0.2137133 0.2345814 0.1189614 0.0205019 0.0000000 0.0991693 0.0959323 0.0986952 0.0820857 0.0872876 0.1218168 0.1123020 0.1101725 0.0868647 0.0822855 0.0722384 0.0766571 0.0754137 0.0806158 0.1124789 0.1121837 0.0949168 0.0923173 0.1043796 0.2220404 0.2189185 0.2261365 0.2223371 0.2211835 0.2382455 0.2376753 0.2372159 0.2367576 0.2270561 0.2012119 0.2110178 0.2178806 0.2116064 0.2105169 0.2179634 0.2156526 0.2054497 0.2058383 0.2129554 0.2095521 0.1986006 0.2131834 0.2069072 0.2102630 0.2065200 0.1919372 0.1909612 0.1753349 0.1735840 0.1802563 0.1744724 0.1773635 0.1728717 0.1922497 0.1561908 0.2072098 0.1731004 0.1741368 0.1587993 0.1846477 0.1989727 0.2037493 0.1769001 0.1801863 0.1798709 0.2093329 0.1639891 0.1817448 0.1747013 
ASV_35     0.2504363 0.2898166 0.3025449 0.2408633 0.2369185 0.1879197 0.2504613 0.2323506 0.2357618 0.0883030 0.1005301 0.0991693 0.0000000 0.0496894 0.0456835 0.0506284 0.0681282 0.0828687 0.0726952 0.0707074 0.0664714 0.0622900 0.0762646 0.0763900 0.0789407 0.0715344 0.0913879 0.0911647 0.0981937 0.0955411 0.0779911 0.2379892 0.2473294 0.2476630 0.2436476 0.2205870 0.2262970 0.2196929 0.2231030 0.2265938 0.2225616 0.2270582 0.2167159 0.2561603 0.2673161 0.2634105 0.2369153 0.2345923 0.2237811 0.2203009 0.2205955 0.2241427 0.2250638 0.2401576 0.2174395 0.2423094 0.2343611 0.1938052 0.1928111 0.1927901 0.1944825 0.2058451 0.1948352 0.1985691 0.1924068 0.1818167 0.1734891 0.2327101 0.2106268 0.2004090 0.2060869 0.1971069 0.2319092 0.1940318 0.2380679 0.2420889 0.2416501 0.2371372 0.2213771 0.2037241 0.2094774 
ASV_21     0.2583609 0.2780427 0.2902922 0.2414288 0.2232673 0.1697789 0.2186944 0.1829608 0.1987366 0.0864496 0.0822276 0.0959323 0.0496894 0.0000000 0.0258752 0.0680330 0.0868977 0.0593276 0.0614100 0.0549489 0.0544925 0.0504224 0.0603504 0.0645417 0.0667694 0.0682046 0.0557296 0.0579508 0.0731221 0.0755360 0.0782817 0.1911144 0.1980189 0.2048469 0.2012629 0.1900881 0.2008230 0.2126063 0.2128881 0.2124877 0.2103293 0.1966897 0.2110447 0.2325707 0.2464675 0.2378382 0.2184149 0.2161270 0.2060116 0.2094118 0.2165005 0.2131122 0.1921081 0.1997439 0.2003008 0.2071117 0.1970291 0.1609959 0.1602275 0.1545517 0.1583863 0.1658335 0.1602620 0.1630404 0.1648561 0.1575572 0.1673405 0.2083573 0.1922609 0.1855325 0.1862351 0.1909646 0.2128732 0.2033442 0.1920709 0.1956083 0.1952548 0.2352541 0.2034619 0.1921653 0.1893839 
ASV_456    0.2341856 0.2445322 0.2558642 0.2260218 0.2217949 0.1806920 0.2314932 0.1876935 0.2037119 0.0835624 0.0800905 0.0986952 0.0456835 0.0258752 0.0000000 0.0584678 0.0763769 0.0795279 0.0707049 0.0639752 0.0671061 0.0628785 0.0736819 0.0738026 0.0806733 0.0732854 0.0603154 0.0625998 0.0781435 0.0806288 0.0715634 0.2083652 0.2157186 0.2227390 0.2190450 0.2071240 0.2214569 0.2238030 0.2241024 0.2236832 0.2287026 0.2221642 0.2184462 0.2440408 0.2660512 0.2570103 0.2333124 0.2271234 0.2204271 0.2239304 0.2312515 0.2277586 0.2087505 0.2199574 0.2210007 0.2168689 0.2101167 0.1739620 0.1731146 0.1672389 0.1712681 0.1817724 0.1845946 0.1815742 0.1706358 0.1616727 0.1615457 0.2236585 0.2076479 0.1917282 0.1982118 0.2114371 0.2192733 0.2020350 0.2043438 0.2079696 0.2075970 0.2301993 0.2132450 0.2081650 0.2053153 
ASV_28     0.2866100 0.2697875 0.2775004 0.2568086 0.2416964 0.1892871 0.2166276 0.1903688 0.1997676 0.0685497 0.0960093 0.0820857 0.0506284 0.0680330 0.0584678 0.0000000 0.0205291 0.0659820 0.0517252 0.0498571 0.0661049 0.0618229 0.0651186 0.0652251 0.0698731 0.0627604 0.0745803 0.0721778 0.0935141 0.0932848 0.0771235 0.2306740 0.2397744 0.2322170 0.2361394 0.2172557 0.2253113 0.2118838 0.2152358 0.2186679 0.2170188 0.2264325 0.2111472 0.2345925 0.2557441 0.2497095 0.2192008 0.2169287 0.2068614 0.2035601 0.2038230 0.2071879 0.2022648 0.2131318 0.1995187 0.2130972 0.2058051 0.1675558 0.1667471 0.1547205 0.1529925 0.1641503 0.1700049 0.1670687 0.1618684 0.1723839 0.1569846 0.2131778 0.2199479 0.1811426 0.1834593 0.1709134 0.2075089 0.1667002 0.1980219 0.2015566 0.2011984 0.2007107 0.1841869 0.1847338 0.1897628 
ASV_1647   0.2779160 0.2696215 0.2851645 0.2548063 0.2285321 0.1941072 0.2008078 0.1952119 0.1948049 0.0870046 0.1013061 0.0872876 0.0681282 0.0868977 0.0763769 0.0205291 0.0000000 0.0769543 0.0689504 0.0670128 0.0848893 0.0803209 0.0831416 0.0832790 0.0882917 0.0805668 0.1034690 0.1007471 0.1194981 0.1191800 0.1030078 0.2280990 0.2370404 0.2373567 0.2334517 0.2020481 0.2099771 0.1969558 0.2002013 0.2035258 0.2020248 0.2111880 0.1962717 0.2337220 0.2547249 0.2487063 0.2183301 0.2160619 0.2060378 0.2027477 0.2030088 0.2063624 0.2014611 0.2122879 0.1987227 0.2122545 0.2049886 0.1603011 0.1625466 0.1546457 0.1461924 0.1593887 0.1652196 0.1622933 0.1752290 0.1860294 0.1500438 0.2074089 0.1939460 0.1727915 0.1689527 0.1611638 0.1982963 0.1622601 0.1832055 0.1865896 0.1862598 0.1985925 0.1700012 0.1704830 0.1750291 
ASV_52     0.3000601 0.2776424 0.2854227 0.2335340 0.2359097 0.1924292 0.2230547 0.1936276 0.2124519 0.0914423 0.1251989 0.1218168 0.0828687 0.0593276 0.0795279 0.0659820 0.0769543 0.0000000 0.0380755 0.0362432 0.0968762 0.0921459 0.0842450 0.0841729 0.0720330 0.0734571 0.0676672 0.0700599 0.0932189 0.0959000 0.0951994 0.2202170 0.2243162 0.2170109 0.2207960 0.2161035 0.2198022 0.2215526 0.2249954 0.2245728 0.2262487 0.2178196 0.2184922 0.2158779 0.2389212 0.2353843 0.2246994 0.2224114 0.2121140 0.2155515 0.2158347 0.2192995 0.2117445 0.2123323 0.2068627 0.2175719 0.2035048 0.1792067 0.1860340 0.1743009 0.1622553 0.1910243 0.1945647 0.1908174 0.1889570 0.1728332 0.1622586 0.1914047 0.2100788 0.1719796 0.1740046 0.1669851 0.2053999 0.1924130 0.1966824 0.1967367 0.1998304 0.2138159 0.1994864 0.1933175 0.1872290 
ASV_9      0.2842791 0.2740821 0.2819406 0.2694512 0.2592327 0.1946571 0.2212514 0.1948660 0.2042877 0.0941518 0.1284171 0.1123020 0.0726952 0.0614100 0.0707049 0.0517252 0.0689504 0.0380755 0.0000000 0.0049452 0.0782907 0.0828747 0.0698909 0.0742659 0.0791020 0.0716752 0.0657092 0.0680884 0.0819651 0.0845353 0.0899246 0.2421507 0.2679971 0.2640804 0.2640804 0.2311660 0.2431028 0.2200231 0.2234386 0.2269349 0.2325471 0.2201547 0.2247143 0.2588425 0.2775537 0.2692841 0.2427057 0.2364618 0.2295859 0.2261204 0.2264193 0.2299514 0.2215720 0.2221450 0.2171877 0.2100936 0.2205713 0.1830885 0.1821879 0.1739148 0.1722204 0.1935462 0.1903436 0.1933417 0.1969235 0.1924145 0.1686476 0.2407839 0.2502963 0.2177045 0.2197643 0.2113813 0.2268329 0.2012832 0.2237293 0.2275083 0.2271052 0.2316292 0.1921157 0.2052750 0.2038023 
ASV_29     0.2904474 0.2824572 0.2904504 0.2594517 0.2618569 0.1936865 0.2267142 0.1938942 0.2032597 0.0982736 0.1262005 0.1101725 0.0707074 0.0549489 0.0639752 0.0498571 0.0670128 0.0362432 0.0049452 0.0000000 0.0854336 0.0808298 0.0766830 0.0811575 0.0861351 0.0697161 0.0615888 0.0639319 0.0891194 0.0917726 0.0973492 0.2448288 0.2546006 0.2507937 0.2507937 0.2298967 0.2417541 0.2188401 0.2191309 0.2225883 0.2312779 0.2159307 0.2203754 0.2489631 0.2703653 0.2621895 0.2303754 0.2242643 0.2176890 0.2143160 0.2145957 0.2180337 0.2099378 0.2179140 0.2057023 0.2126461 0.2089973 0.1758279 0.1723598 0.1645207 0.1653432 0.1859414 0.1828046 0.1857406 0.1891353 0.1847666 0.1783285 0.2381753 0.2437248 0.2116056 0.2172017 0.2053361 0.2280841 0.2002465 0.2175861 0.2213231 0.2209289 0.2398663 0.1993333 0.1993489 0.2048826 
ASV_62     0.2673915 0.2980678 0.3063109 0.2240103 0.2384116 0.2102581 0.2581351 0.2244674 0.2422852 0.0736895 0.0841082 0.0868647 0.0664714 0.0544925 0.0671061 0.0661049 0.0848893 0.0968762 0.0782907 0.0854336 0.0000000 0.0032937 0.0499482 0.0500286 0.0572750 0.0617986 0.0732130 0.0708668 0.0659800 0.0658363 0.0485308 0.2120782 0.2278804 0.2351355 0.2313121 0.2054110 0.2111783 0.2380885 0.2376416 0.2371957 0.2297212 0.2279312 0.2167718 0.2468143 0.2559537 0.2551178 0.2424102 0.2400940 0.2291574 0.2256564 0.2330559 0.2295263 0.2376495 0.2416516 0.2469923 0.2273664 0.2424932 0.2022547 0.1942467 0.1894764 0.1945447 0.1888629 0.1787633 0.1822516 0.1956444 0.1953637 0.1718530 0.2252750 0.2148844 0.2049128 0.1800456 0.1758387 0.2020219 0.1966255 0.2068450 0.2104880 0.2101116 0.2136554 0.1913812 0.1862539 0.1808004 
ASV_75     0.2752455 0.3068631 0.3152610 0.2168794 0.2457948 0.2106480 0.2661404 0.2248898 0.2427355 0.0780831 0.0795881 0.0822855 0.0622900 0.0504224 0.0628785 0.0618229 0.0803209 0.0921459 0.0828747 0.0808298 0.0032937 0.0000000 0.0539933 0.0540803 0.0613552 0.0577040 0.0689303 0.0666239 0.0702009 0.0700459 0.0524492 0.2191031 0.2207375 0.2278804 0.2241194 0.2057954 0.2115657 0.2385365 0.2380885 0.2376416 0.2301493 0.2283591 0.2171815 0.2390730 0.2481910 0.2473098 0.2348318 0.2325198 0.2218213 0.2183706 0.2256564 0.2221779 0.2301603 0.2421011 0.2393214 0.2349014 0.2349014 0.1956114 0.1877516 0.1830920 0.1880470 0.1825160 0.1726557 0.1760865 0.1891047 0.1889200 0.1779956 0.2183059 0.2080836 0.1982470 0.1737930 0.1697619 0.2023922 0.1969836 0.2001807 0.2037670 0.2034017 0.2206566 0.1980889 0.1799087 0.1811277 
ASV_44     0.2671346 0.2715174 0.2793024 0.2539008 0.2302825 0.1699003 0.2199625 0.1838277 0.1994823 0.0860756 0.0623472 0.0722384 0.0762646 0.0603504 0.0736819 0.0651186 0.0831416 0.0842450 0.0698909 0.0766830 0.0499482 0.0539933 0.0000000 0.0032797 0.0243609 0.0296054 0.0511920 0.0490891 0.0612561 0.0611257 0.0557215 0.2113788 0.2294405 0.2290791 0.2328997 0.1952169 0.2111310 0.2113666 0.2109700 0.2075345 0.2179805 0.1865187 0.1952169 0.2382373 0.2361178 0.2351772 0.2170158 0.2147609 0.2048308 0.2052088 0.2121413 0.2088257 0.1967134 0.2037597 0.2084987 0.1944329 0.2044538 0.1831370 0.1763926 0.1662873 0.1707875 0.1764914 0.1707507 0.1736182 0.1809630 0.1839818 0.1535447 0.2210883 0.1924246 0.1805652 0.1702202 0.1684808 0.1926819 0.1762412 0.1895439 0.1930314 0.1926850 0.1670931 0.1651127 0.1811835 0.1770429 
ASV_51     0.2635251 0.2677313 0.2754577 0.2543686 0.2232184 0.1638136 0.2130595 0.1774229 0.1928697 0.0862189 0.0665580 0.0766571 0.0763900 0.0645417 0.0738026 0.0652251 0.0832790 0.0841729 0.0742659 0.0811575 0.0500286 0.0540803 0.0032797 0.0000000 0.0207592 0.0259717 0.0551988 0.0530599 0.0653821 0.0652411 0.0558109 0.2117684 0.2298599 0.2294975 0.2333244 0.1952169 0.2115234 0.2113666 0.2109700 0.2075345 0.2183883 0.1931823 0.1952169 0.2379161 0.2358049 0.2348632 0.2167332 0.2144806 0.2045686 0.2049458 0.2118675 0.2085569 0.2035358 0.2034998 0.2155366 0.2012518 0.2041924 0.1770010 0.1703690 0.1604344 0.1648348 0.1703873 0.1769223 0.1675457 0.1746705 0.1843146 0.1478035 0.2214843 0.1989956 0.1743630 0.1642046 0.1745583 0.1930328 0.1765634 0.1893129 0.1927950 0.1924493 0.1673949 0.1712180 0.1875441 0.1833991 
ASV_18     0.2345791 0.2474323 0.2546905 0.2405517 0.2198373 0.1874191 0.2379312 0.2068709 0.2236916 0.0753375 0.0827967 0.0754137 0.0789407 0.0667694 0.0806733 0.0698731 0.0882917 0.0720330 0.0791020 0.0861351 0.0572750 0.0613552 0.0243609 0.0207592 0.0000000 0.0168843 0.0614813 0.0592798 0.0587402 0.0586171 0.0493559 0.2121000 0.2280461 0.2276844 0.2315208 0.2027435 0.2193152 0.2216710 0.2212532 0.2208364 0.2320809 0.2092183 0.2117026 0.2360860 0.2339407 0.2401786 0.2406220 0.2383200 0.2274998 0.2310541 0.2384899 0.2349452 0.2263041 0.2224317 0.2319605 0.2270789 0.2270789 0.1975150 0.1959212 0.1823728 0.1872344 0.1658925 0.1723024 0.1630953 0.1667718 0.1701836 0.1305988 0.2022876 0.1835305 0.1619221 0.1531723 0.1596308 0.2104158 0.1767776 0.1817117 0.1850648 0.1847386 0.1928001 0.1909301 0.2012252 0.1916401 
ASV_39     0.2519868 0.2573704 0.2648156 0.2397869 0.2342955 0.1886652 0.2459256 0.2080294 0.2247484 0.0862982 0.0843617 0.0806158 0.0715344 0.0682046 0.0732854 0.0627604 0.0805668 0.0734571 0.0716752 0.0697161 0.0617986 0.0577040 0.0296054 0.0259717 0.0168843 0.0000000 0.0548406 0.0527185 0.0588329 0.0587095 0.0494344 0.2236114 0.2284663 0.2281036 0.2319464 0.1938313 0.2099909 0.2151724 0.2147693 0.2143671 0.2292207 0.2067524 0.2091481 0.2373529 0.2312223 0.2374165 0.2298363 0.2237330 0.2171731 0.2138053 0.2209113 0.2175167 0.2160537 0.2197523 0.2148065 0.2242703 0.2167731 0.1913435 0.1837995 0.1766291 0.1813363 0.1750943 0.1816636 0.1722481 0.1761805 0.1796841 0.1568981 0.2161932 0.1883389 0.1710138 0.1699133 0.1609535 0.2227101 0.1816522 0.1959977 0.1994929 0.1991402 0.2080176 0.2057647 0.2058445 0.2072324 
ASV_23     0.2720883 0.2554080 0.2627940 0.2488529 0.2452024 0.2011908 0.2633491 0.2240217 0.2304302 0.0914213 0.0892371 0.1124789 0.0913879 0.0557296 0.0603154 0.0745803 0.1034690 0.0676672 0.0657092 0.0615888 0.0732130 0.0689303 0.0511920 0.0551988 0.0614813 0.0548406 0.0000000 0.0016351 0.0447946 0.0468695 0.0495160 0.2245725 0.2231981 0.2190389 0.2227881 0.2324892 0.2330668 0.2457671 0.2453085 0.2448508 0.2440096 0.2227155 0.2377269 0.2399351 0.2419998 0.2391860 0.2446452 0.2383372 0.2282253 0.2317964 0.2352710 0.2357066 0.2232576 0.2285264 0.2227104 0.2192242 0.2161040 0.1886995 0.1872012 0.1745714 0.1792633 0.1822294 0.1791170 0.1820301 0.1869319 0.1770023 0.1891993 0.2230100 0.2001321 0.1803005 0.1928114 0.1844885 0.2225041 0.1915176 0.2069211 0.2105665 0.2101898 0.2178569 0.2256348 0.2079178 0.2101704 
ASV_26     0.2740506 0.2572826 0.2647276 0.2488529 0.2500466 0.2055227 0.2685768 0.2287340 0.2352214 0.0940380 0.0890251 0.1121837 0.0911647 0.0579508 0.0625998 0.0721778 0.1007471 0.0700599 0.0680884 0.0639319 0.0708668 0.0666239 0.0490891 0.0530599 0.0592798 0.0527185 0.0016351 0.0000000 0.0468695 0.0467750 0.0474158 0.2292620 0.2279037 0.2236831 0.2274847 0.2324892 0.2330668 0.2457671 0.2453085 0.2448508 0.2440096 0.2227155 0.2377269 0.2350466 0.2419998 0.2391860 0.2446452 0.2383372 0.2282253 0.2317964 0.2352710 0.2357066 0.2232576 0.2285264 0.2227104 0.2192242 0.2161040 0.1927243 0.1911836 0.1783890 0.1831638 0.1784259 0.1753497 0.1782291 0.1829936 0.1808928 0.1931920 0.2275566 0.2043256 0.1841842 0.1969554 0.1806676 0.2271868 0.1957332 0.2112633 0.2149582 0.2145731 0.2224026 0.2302994 0.2122901 0.2146061 
ASV_20     0.2684553 0.2696418 0.2773593 0.2364471 0.2438084 0.2164392 0.2624662 0.2335083 0.2441777 0.0834625 0.0892281 0.0949168 0.0981937 0.0731221 0.0781435 0.0935141 0.1194981 0.0932189 0.0819651 0.0891194 0.0659800 0.0702009 0.0612561 0.0653821 0.0587402 0.0588329 0.0447946 0.0468695 0.0000000 0.0016351 0.0336656 0.2378467 0.2444090 0.2440198 0.2480102 0.2376479 0.2548950 0.2574376 0.2569563 0.2564761 0.2646843 0.2321332 0.2389877 0.2412188 0.2421411 0.2486152 0.2555538 0.2409759 0.2386176 0.2350351 0.2426154 0.2390035 0.2373964 0.2421605 0.2434545 0.2239985 0.2430027 0.2007599 0.1929286 0.1940643 0.1991719 0.1974797 0.1942387 0.1972732 0.2055419 0.1911699 0.1652126 0.2320709 0.1791814 0.2092906 0.1736688 0.1858500 0.2394589 0.1720751 0.2075831 0.2111549 0.2107854 0.2058754 0.1958889 0.2223647 0.2092523 
ASV_24     0.2703718 0.2716607 0.2794400 0.2364471 0.2486590 0.2210408 0.2677541 0.2384238 0.2492317 0.0860284 0.0867132 0.0923173 0.0955411 0.0755360 0.0806288 0.0932848 0.1191800 0.0959000 0.0845353 0.0917726 0.0658363 0.0700459 0.0611257 0.0652411 0.0586171 0.0587095 0.0468695 0.0467750 0.0016351 0.0000000 0.0336004 0.2427424 0.2494336 0.2490353 0.2530826 0.2376479 0.2548950 0.2574376 0.2569563 0.2564761 0.2646843 0.2321332 0.2389877 0.2402880 0.2421411 0.2486152 0.2555538 0.2409759 0.2386176 0.2350351 0.2426154 0.2390035 0.2373964 0.2421605 0.2434545 0.2239985 0.2430027 0.2049710 0.1970202 0.1981854 0.2033836 0.1968222 0.1935952 0.1966165 0.2048354 0.1953116 0.1688633 0.2367633 0.1830279 0.2135941 0.1774594 0.1852551 0.2443524 0.1759263 0.2118393 0.2154583 0.2150815 0.2101813 0.2000684 0.2269375 0.2136577 
ASV_113    0.2638415 0.2631078 0.2706841 0.2153061 0.2273654 0.2224195 0.2661000 0.2362095 0.2469132 0.0722333 0.0983149 0.1043796 0.0779911 0.0782817 0.0715634 0.0771235 0.1030078 0.0951994 0.0899246 0.0973492 0.0485308 0.0524492 0.0557215 0.0558109 0.0493559 0.0494344 0.0495160 0.0474158 0.0336656 0.0336004 0.0000000 0.2378045 0.2442303 0.2438493 0.2477572 0.2332405 0.2468709 0.2525124 0.2520445 0.2515776 0.2561217 0.2502475 0.2344867 0.2447732 0.2505907 0.2571868 0.2558712 0.2494718 0.2390659 0.2355119 0.2430323 0.2394491 0.2538094 0.2546657 0.2601978 0.2399735 0.2555507 0.2206276 0.2122643 0.2093489 0.2090377 0.2125547 0.2015170 0.2052350 0.2163989 0.2030038 0.1666277 0.2294310 0.2286787 0.2047948 0.1936360 0.1887710 0.2300476 0.1938190 0.2196854 0.2234295 0.2230329 0.2231741 0.2179104 0.2119417 0.1992540 
ASV_14     0.2543519 0.2515071 0.2523216 0.2520187 0.1996529 0.1840116 0.2180936 0.2285371 0.2476764 0.2085930 0.2165958 0.2220404 0.2379892 0.1911144 0.2083652 0.2306740 0.2280990 0.2202170 0.2421507 0.2448288 0.2120782 0.2191031 0.2113788 0.2117684 0.2121000 0.2236114 0.2245725 0.2292620 0.2378467 0.2427424 0.2378045 0.0000000 0.0134729 0.0169376 0.0151935 0.0450327 0.0480849 0.0569505 0.0526594 0.0525705 0.0532210 0.0556430 0.0476544 0.0679525 0.0572038 0.0534457 0.0464260 0.0464588 0.0465557 0.0485583 0.0485073 0.0465228 0.0445479 0.0369420 0.0472944 0.0389670 0.0389670 0.1150881 0.1152589 0.1141141 0.1190817 0.1195226 0.1202134 0.1128158 0.1376624 0.1361498 0.1839245 0.1599476 0.1884007 0.1617570 0.1659629 0.1909876 0.1923615 0.1730050 0.1751574 0.1813029 0.1782210 0.1894323 0.1978199 0.1940750 0.1879501 
ASV_73     0.2754598 0.2617801 0.2626233 0.2612757 0.2244884 0.1909058 0.2283146 0.2323770 0.2516935 0.2196417 0.2070230 0.2189185 0.2473294 0.1980189 0.2157186 0.2397744 0.2370404 0.2243162 0.2679971 0.2546006 0.2278804 0.2207375 0.2294405 0.2298599 0.2280461 0.2284663 0.2231981 0.2279037 0.2444090 0.2494336 0.2442303 0.0134729 0.0000000 0.0032749 0.0016322 0.0560248 0.0568874 0.0667337 0.0622487 0.0621418 0.0625681 0.0651558 0.0568714 0.0523894 0.0444125 0.0407482 0.0511302 0.0511676 0.0512775 0.0513621 0.0513069 0.0492778 0.0492135 0.0455681 0.0480043 0.0497821 0.0435223 0.1222498 0.1200403 0.1213446 0.1264618 0.1095472 0.1103617 0.1031189 0.1271100 0.1259018 0.1982418 0.1513843 0.1897442 0.1503755 0.1627047 0.1917373 0.1876533 0.1752837 0.1735487 0.1797215 0.1766259 0.1942692 0.2027895 0.1826592 0.1799902 
ASV_78     0.2758301 0.2575953 0.2584253 0.2695395 0.2316747 0.1975245 0.2286035 0.2397085 0.2520278 0.2192995 0.2102497 0.2261365 0.2476630 0.2048469 0.2227390 0.2322170 0.2373567 0.2170109 0.2640804 0.2507937 0.2351355 0.2278804 0.2290791 0.2294975 0.2276844 0.2281036 0.2190389 0.2236831 0.2440198 0.2490353 0.2438493 0.0169376 0.0032749 0.0000000 0.0016331 0.0602728 0.0569300 0.0712554 0.0667106 0.0665959 0.0669103 0.0695593 0.0611924 0.0524275 0.0444435 0.0407763 0.0552629 0.0553042 0.0554246 0.0555161 0.0513447 0.0534038 0.0533339 0.0496823 0.0480397 0.0539565 0.0476096 0.1275959 0.1253746 0.1267546 0.1319273 0.1096538 0.1104679 0.1032159 0.1272423 0.1260290 0.2049070 0.1515510 0.1964166 0.1505450 0.1688374 0.1852806 0.1878828 0.1750216 0.1798874 0.1861432 0.1830059 0.1939786 0.2095542 0.1828795 0.1802067 
ASV_47     0.2716118 0.2617801 0.2626233 0.2651697 0.2278893 0.1940542 0.2249512 0.2358432 0.2480432 0.2230016 0.2066441 0.2223371 0.2436476 0.2012629 0.2190450 0.2361394 0.2334517 0.2207960 0.2640804 0.2507937 0.2313121 0.2241194 0.2328997 0.2333244 0.2315208 0.2319464 0.2227881 0.2274847 0.2480102 0.2530826 0.2477572 0.0151935 0.0016322 0.0016331 0.0000000 0.0581101 0.0548310 0.0689466 0.0644349 0.0643242 0.0646958 0.0673119 0.0589918 0.0503727 0.0424395 0.0387828 0.0531616 0.0532009 0.0533159 0.0534038 0.0492611 0.0513069 0.0512398 0.0475933 0.0459447 0.0518346 0.0455354 0.1248294 0.1226155 0.1239553 0.1290962 0.1070627 0.1079075 0.1007039 0.1244809 0.1233477 0.2014085 0.1486132 0.1929187 0.1475394 0.1656373 0.1886116 0.1845315 0.1782953 0.1765733 0.1827821 0.1796684 0.1973622 0.2060010 0.1795913 0.1769352 
ASV_38     0.2561049 0.2658240 0.2747333 0.2533930 0.2275205 0.1920911 0.2001457 0.2039600 0.2091112 0.2194653 0.2155912 0.2211835 0.2205870 0.1900881 0.2071240 0.2172557 0.2020481 0.2161035 0.2311660 0.2298967 0.2054110 0.2057954 0.1952169 0.1952169 0.2027435 0.1938313 0.2324892 0.2324892 0.2376479 0.2376479 0.2332405 0.0450327 0.0560248 0.0602728 0.0581101 0.0000000 0.0085999 0.0229976 0.0266945 0.0266522 0.0255313 0.0312762 0.0209900 0.0719534 0.0799463 0.0760496 0.0654403 0.0635767 0.0587558 0.0608258 0.0650284 0.0629553 0.0618164 0.0525462 0.0667505 0.0639173 0.0597419 0.1345621 0.1426169 0.1481651 0.1431015 0.1427756 0.1438489 0.1384047 0.1474621 0.1418119 0.1940706 0.1843710 0.1920160 0.1826229 0.1766201 0.1707594 0.1758894 0.1561695 0.1709795 0.1740422 0.1740422 0.1894593 0.1876466 0.1829241 0.1699895 
ASV_72     0.2648112 0.2789420 0.2880123 0.2725930 0.2378497 0.1961797 0.2045471 0.2118004 0.2102539 0.2336122 0.2243438 0.2382455 0.2262970 0.2008230 0.2214569 0.2253113 0.2099771 0.2198022 0.2431028 0.2417541 0.2111783 0.2115657 0.2111310 0.2115234 0.2193152 0.2099909 0.2330668 0.2330668 0.2548950 0.2548950 0.2468709 0.0480849 0.0568874 0.0569300 0.0548310 0.0085999 0.0000000 0.0332557 0.0371807 0.0371198 0.0229829 0.0324985 0.0310408 0.0724930 0.0805497 0.0766229 0.0723916 0.0705063 0.0654919 0.0676141 0.0676674 0.0698032 0.0660062 0.0546187 0.0623145 0.0660978 0.0618968 0.1456542 0.1540479 0.1537334 0.1485494 0.1356383 0.1361410 0.1281996 0.1415550 0.1354500 0.2148368 0.1838073 0.2022952 0.1923768 0.1902553 0.1697206 0.1898286 0.1639094 0.1910622 0.1943091 0.1943091 0.1983611 0.2087819 0.1914464 0.1747184 
ASV_54     0.2653429 0.2483336 0.2603549 0.2830755 0.2146132 0.1704181 0.1839389 0.1907033 0.1956544 0.2210701 0.2432342 0.2376753 0.2196929 0.2126063 0.2238030 0.2118838 0.1969558 0.2215526 0.2200231 0.2188401 0.2380885 0.2385365 0.2113666 0.2113666 0.2216710 0.2151724 0.2457671 0.2457671 0.2574376 0.2574376 0.2525124 0.0569505 0.0667337 0.0712554 0.0689466 0.0229976 0.0332557 0.0000000 0.0033224 0.0049955 0.0176248 0.0329707 0.0226479 0.0633784 0.0740240 0.0647555 0.0573193 0.0550230 0.0549638 0.0570242 0.0569625 0.0549230 0.0579507 0.0528004 0.0485628 0.0529733 0.0468942 0.1349914 0.1462665 0.1438935 0.1359557 0.1586890 0.1596688 0.1538103 0.1486859 0.1402320 0.2039919 0.2062393 0.1869312 0.1587363 0.1918575 0.1882998 0.1808467 0.1603041 0.1613336 0.1643746 0.1643746 0.1892005 0.1905494 0.1892092 0.1796111 
ASV_36     0.2692287 0.2483336 0.2603549 0.2826005 0.2148970 0.1766045 0.1903449 0.1973028 0.2022874 0.2207213 0.2427692 0.2372159 0.2231030 0.2128881 0.2241024 0.2152358 0.2002013 0.2249954 0.2234386 0.2191309 0.2376416 0.2380885 0.2109700 0.2109700 0.2212532 0.2147693 0.2453085 0.2453085 0.2569563 0.2569563 0.2520445 0.0526594 0.0622487 0.0667106 0.0644349 0.0266945 0.0371807 0.0033224 0.0000000 0.0016553 0.0212756 0.0291191 0.0190461 0.0677778 0.0738993 0.0646472 0.0531472 0.0508936 0.0508395 0.0528757 0.0528192 0.0508026 0.0537267 0.0487084 0.0445380 0.0488677 0.0428614 0.1406720 0.1404714 0.1382110 0.1415832 0.1648142 0.1657405 0.1598059 0.1546363 0.1458727 0.2072805 0.2058666 0.1865812 0.1584487 0.1915020 0.1879552 0.1805157 0.1631812 0.1610333 0.1640692 0.1640692 0.1888574 0.1901978 0.1888620 0.1792802 
ASV_42     0.2687270 0.2478556 0.2598574 0.2820645 0.2144948 0.1795970 0.1872175 0.1940842 0.1990549 0.2203162 0.2423051 0.2367576 0.2265938 0.2124877 0.2236832 0.2186679 0.2035258 0.2245728 0.2269349 0.2225883 0.2371957 0.2376416 0.2075345 0.2075345 0.2208364 0.2143671 0.2448508 0.2448508 0.2564761 0.2564761 0.2515776 0.0525705 0.0621418 0.0665959 0.0643242 0.0266522 0.0371198 0.0049955 0.0016553 0.0000000 0.0194474 0.0272202 0.0172665 0.0676632 0.0737749 0.0645393 0.0510997 0.0488661 0.0488145 0.0508395 0.0507855 0.0487794 0.0516543 0.0466985 0.0425593 0.0468511 0.0408783 0.1434388 0.1376800 0.1354721 0.1388138 0.1645121 0.1654400 0.1595154 0.1543536 0.1456143 0.2068917 0.2054948 0.1862322 0.1581619 0.1911475 0.1876115 0.1774050 0.1660755 0.1607340 0.1637646 0.1637646 0.1857128 0.1869864 0.1856789 0.1789501 
ASV_60     0.2959212 0.2740249 0.2866011 0.2871230 0.2289289 0.1713564 0.1789493 0.1824511 0.1873311 0.2217774 0.2324652 0.2270561 0.2225616 0.2103293 0.2287026 0.2170188 0.2020248 0.2262487 0.2325471 0.2312779 0.2297212 0.2301493 0.2179805 0.2183883 0.2320809 0.2292207 0.2440096 0.2440096 0.2646843 0.2646843 0.2561217 0.0532210 0.0625681 0.0669103 0.0646958 0.0255313 0.0229829 0.0176248 0.0212756 0.0194474 0.0000000 0.0173363 0.0157735 0.0633062 0.0765581 0.0671783 0.0529763 0.0553196 0.0506779 0.0527066 0.0526505 0.0506413 0.0510623 0.0442756 0.0420921 0.0444188 0.0385423 0.1410966 0.1468770 0.1221861 0.1145642 0.1456820 0.1460567 0.1377319 0.1374901 0.1343278 0.2258547 0.1857550 0.1971861 0.1617331 0.2066724 0.2009377 0.1727004 0.1592615 0.1881005 0.1913780 0.1913780 0.1821004 0.1949831 0.1915597 0.1846647 
ASV_11     0.2841953 0.2866626 0.2995715 0.2947158 0.2395294 0.1757186 0.1928172 0.1898320 0.1947026 0.2289876 0.1990698 0.2012119 0.2270582 0.1966897 0.2221642 0.2264325 0.2111880 0.2178196 0.2201547 0.2159307 0.2279312 0.2283591 0.1865187 0.1931823 0.2092183 0.2067524 0.2227155 0.2227155 0.2321332 0.2321332 0.2502475 0.0556430 0.0651558 0.0695593 0.0673119 0.0312762 0.0324985 0.0329707 0.0291191 0.0272202 0.0173363 0.0000000 0.0086606 0.0751542 0.0783657 0.0744435 0.0507186 0.0530255 0.0484549 0.0504625 0.0504094 0.0484203 0.0461139 0.0415564 0.0418539 0.0401990 0.0402910 0.1428024 0.1371713 0.1212177 0.1296885 0.1442933 0.1418959 0.1445896 0.1503632 0.1414609 0.2042318 0.1770367 0.1911201 0.1656390 0.1998305 0.1882290 0.1639998 0.1605951 0.1763904 0.1795217 0.1795217 0.1882705 0.1829995 0.1870203 0.1802290 
ASV_53     0.2789700 0.2767152 0.2895771 0.2669993 0.2365653 0.1882050 0.1960986 0.1962466 0.2012734 0.2144262 0.2086998 0.2110178 0.2167159 0.2110447 0.2184462 0.2111472 0.1962717 0.2184922 0.2247143 0.2203754 0.2167718 0.2171815 0.1952169 0.1952169 0.2117026 0.2091481 0.2377269 0.2377269 0.2389877 0.2389877 0.2344867 0.0476544 0.0568714 0.0611924 0.0589918 0.0209900 0.0310408 0.0226479 0.0190461 0.0172665 0.0157735 0.0086606 0.0000000 0.0744627 0.0776511 0.0737645 0.0502918 0.0525750 0.0480507 0.0500401 0.0499879 0.0480168 0.0508281 0.0459730 0.0464153 0.0466707 0.0447470 0.1428697 0.1372357 0.1240961 0.1326487 0.1515410 0.1525606 0.1469160 0.1565092 0.1451830 0.2018028 0.1810924 0.2056657 0.1634763 0.1962577 0.1926342 0.1518316 0.1588237 0.1760644 0.1791904 0.1791904 0.1860724 0.1795632 0.1816744 0.1750257 
ASV_56     0.2714003 0.2589993 0.2632936 0.2502066 0.2309885 0.2085108 0.2082193 0.2325276 0.2486236 0.2486686 0.2155082 0.2178806 0.2561603 0.2325707 0.2440408 0.2345925 0.2337220 0.2158779 0.2588425 0.2489631 0.2468143 0.2390730 0.2382373 0.2379161 0.2360860 0.2373529 0.2399351 0.2350466 0.2412188 0.2402880 0.2447732 0.0679525 0.0523894 0.0524275 0.0503727 0.0719534 0.0724930 0.0633784 0.0677778 0.0676632 0.0633062 0.0751542 0.0744627 0.0000000 0.0210724 0.0138125 0.0288165 0.0213267 0.0251030 0.0251433 0.0251591 0.0270339 0.0409994 0.0453351 0.0393086 0.0428881 0.0349020 0.1334835 0.1399871 0.1322311 0.1220478 0.1138113 0.1096128 0.1120735 0.1191410 0.1245371 0.2084247 0.1765762 0.1950649 0.1510391 0.1843150 0.1832591 0.2010425 0.2029762 0.1955094 0.1955647 0.1987188 0.2074899 0.2196948 0.1923440 0.1896311 
ASV_4      0.2745051 0.2692805 0.2736609 0.2775937 0.2371178 0.2302805 0.2362980 0.2691837 0.2789543 0.2537328 0.2130145 0.2116064 0.2673161 0.2464675 0.2660512 0.2557441 0.2547249 0.2389212 0.2775537 0.2703653 0.2559537 0.2481910 0.2361178 0.2358049 0.2339407 0.2312223 0.2419998 0.2419998 0.2421411 0.2421411 0.2505907 0.0572038 0.0444125 0.0444435 0.0424395 0.0799463 0.0805497 0.0740240 0.0738993 0.0737749 0.0765581 0.0783657 0.0776511 0.0210724 0.0000000 0.0067068 0.0321957 0.0264689 0.0322795 0.0323309 0.0285567 0.0304282 0.0484582 0.0447620 0.0472291 0.0550095 0.0467041 0.1418874 0.1416330 0.1489145 0.1468602 0.1271011 0.1225789 0.1251157 0.1346270 0.1264092 0.2171941 0.1700261 0.1923387 0.1500740 0.1768703 0.1749904 0.1834173 0.2023697 0.1824563 0.1855380 0.1855380 0.1981183 0.2066977 0.1807735 0.1749144 
ASV_3      0.2816472 0.2547708 0.2589859 0.2771996 0.2349663 0.2140210 0.2201690 0.2510951 0.2605156 0.2533884 0.2119416 0.2105169 0.2634105 0.2378382 0.2570103 0.2497095 0.2487063 0.2353843 0.2692841 0.2621895 0.2551178 0.2473098 0.2351772 0.2348632 0.2401786 0.2374165 0.2391860 0.2391860 0.2486152 0.2486152 0.2571868 0.0534457 0.0407482 0.0407763 0.0387828 0.0760496 0.0766229 0.0647555 0.0646472 0.0645393 0.0671783 0.0744435 0.0737645 0.0138125 0.0067068 0.0000000 0.0323738 0.0266122 0.0324586 0.0325106 0.0287136 0.0305963 0.0487432 0.0450245 0.0389480 0.0465564 0.0385244 0.1430136 0.1427553 0.1365424 0.1345067 0.1228697 0.1184160 0.1209486 0.1283801 0.1306399 0.2198970 0.1714643 0.1844720 0.1377561 0.1789382 0.1770161 0.1855512 0.2048504 0.1806495 0.1837364 0.1837364 0.1950117 0.2049138 0.1789789 0.1731099 
ASV_173    0.2787820 0.2837302 0.2882997 0.2667312 0.2146752 0.2030101 0.1966988 0.2323238 0.2484533 0.2356199 0.2193718 0.2179634 0.2369153 0.2184149 0.2333124 0.2192008 0.2183301 0.2246994 0.2427057 0.2303754 0.2424102 0.2348318 0.2170158 0.2167332 0.2406220 0.2298363 0.2446452 0.2446452 0.2555538 0.2555538 0.2558712 0.0464260 0.0511302 0.0552629 0.0531616 0.0654403 0.0723916 0.0573193 0.0531472 0.0510997 0.0529763 0.0507186 0.0502918 0.0288165 0.0321957 0.0323738 0.0000000 0.0084229 0.0067061 0.0084055 0.0083982 0.0067025 0.0208555 0.0246341 0.0304365 0.0301663 0.0191527 0.1073927 0.1023601 0.0968220 0.0996149 0.1288925 0.1243552 0.1268861 0.1422414 0.1390037 0.2006856 0.1782968 0.2015635 0.1552031 0.1772051 0.1736414 0.2009292 0.1686868 0.1807251 0.1838123 0.1838123 0.1798976 0.1911363 0.1752883 0.1855872 
ASV_12     0.2720891 0.2858534 0.2904618 0.2600422 0.2161198 0.2078913 0.2147516 0.2377641 0.2541331 0.2411687 0.2170778 0.2156526 0.2345923 0.2161270 0.2271234 0.2169287 0.2160619 0.2224114 0.2364618 0.2242643 0.2400940 0.2325198 0.2147609 0.2144806 0.2383200 0.2237330 0.2383372 0.2383372 0.2409759 0.2409759 0.2494718 0.0464588 0.0511676 0.0553042 0.0532009 0.0635767 0.0705063 0.0550230 0.0508936 0.0488661 0.0553196 0.0530255 0.0525750 0.0213267 0.0264689 0.0266122 0.0084229 0.0000000 0.0050323 0.0067281 0.0101496 0.0084377 0.0191297 0.0228893 0.0324756 0.0321850 0.0210499 0.1105830 0.1054803 0.1098777 0.1128302 0.1324058 0.1277574 0.1303219 0.1460076 0.1426489 0.2120695 0.1953363 0.1922423 0.1712833 0.1877933 0.1872573 0.1987510 0.1854834 0.1852053 0.1883389 0.1883389 0.1973748 0.2092408 0.1924203 0.2034864 
